-9.112284185738902309e+00 -2.517682882489172869e+01 1.000780968973113261e+01
-7.818536752118444788e+00 -2.287284704319129958e+01 9.903873621902114621e+00
-1.021270236579564461e+01 -2.309120355901258392e+01 9.961594692029922982e+00
-7.262911177145294772e+00 -1.867483492992894512e+01 1.107570681688828351e+01
-1.114306115060681535e+01 -1.889262866040274247e+01 1.113199887407763455e+01
-8.595117237703252755e+00 -1.719016079595882829e+01 1.189031940811713817e+01
-9.804952995460418208e+00 -1.711164505258258117e+01 1.186283641243317888e+01
-4.179206596802468532e+00 -1.641929565225679255e+01 7.752766227425973433e+00
-1.411215660356472945e+01 -1.689301108063475709e+01 8.051400367604552244e+00
-6.541243678304666354e+00 -1.367643553708858661e+01 1.137142882606152128e+01
-1.177989004807905893e+01 -1.347713330696060297e+01 1.134759366315559426e+01
-3.357276698648980151e+00 -1.262970464163944051e+01 6.472622765609344242e+00
-8.959526439482482729e+00 -1.035079456016327626e+01 1.148940377794380652e+01
-1.490029050480534245e+01 -1.296028451725278430e+01 6.385924045405984018e+00
-4.865260477483735357e+00 -6.180180024151828988e+00 8.458991379978648695e+00
-9.336353051383197155e+00 -6.971176441829058490e+00 1.085340730618943894e+01
-1.382189262423246490e+01 -7.339457491500479769e+00 9.272541494843769883e+00
-5.425412864786136602e+00 -4.871042502225058968e+00 7.996291716185017329e+00
-9.500511904924755058e+00 -3.930837277391292073e+00 9.595625942590716662e+00
-1.309352769523560944e+01 -5.402782148260562245e+00 8.245807220062738807e+00
-8.972202547341415979e+00 -2.683005177262364871e+00 6.504915587114680875e+00
-1.409856444609178006e+01 -7.150668953067221167e+00 5.757746905568843943e+00
-1.420115578612912266e+01 -1.030822920999410819e+01 8.281897495015147825e+00
-1.369014186645461884e+01 -9.845114020234047914e+00 6.626629670342531142e+00
-4.428421792578070892e+00 -7.229872943086279591e+00 5.392362026014852816e+00
-4.129439794052741419e+00 -1.009260513623120303e+01 8.389677882385800700e+00
-4.602372270598326764e+00 -9.755130944413700433e+00 6.800720101479953428e+00
-8.887211594252850233e+00 -2.461855756897666581e+01 7.437836408985161185e+00
-8.968683439981127492e+00 -2.330939405040406243e+01 7.253482566574119161e+00
-9.234831869068392152e+00 -2.248321005149066210e+01 7.113570585928520984e+00
-8.727316459905983592e+00 -2.238836175660972572e+01 6.973605702707282639e+00
-9.984475759496097780e+00 -2.060867867883561999e+01 6.854060470504131253e+00
-7.972244525538269677e+00 -2.002263279607045021e+01 6.641331425171993708e+00
-1.102901659682880364e+01 -1.927059124539691837e+01 6.900743544013894670e+00
-6.993216366549695806e+00 -1.887312909806977856e+01 6.821854451722554558e+00
-1.085437508781780735e+01 -1.803830249409336872e+01 6.703437708717403076e+00
-7.492045483303281017e+00 -1.793418178272320063e+01 6.716462783474010045e+00
-9.600430635072729757e+00 -1.658882384936075383e+01 6.726869819459532884e+00
-8.874975989099819884e+00 -1.663982988557955522e+01 6.635849268714850702e+00
-9.469374187372309848e+00 -1.485845510329042263e+01 5.922514501338895343e+00
-8.509962096161139300e+00 -1.523966163750802139e+01 6.092131894981224427e+00
-1.055044163625063014e+01 -1.392105707681344029e+01 5.441356710025092802e+00
-7.391083895576540996e+00 -1.422141874066344158e+01 5.598703948338820346e+00
-9.000219611238208017e+00 -1.354373764743214537e+01 5.220154742461270203e+00
-9.022580146266736989e+00 -1.281268674823874143e+01 5.996624381915023783e+00
-1.029330672002581260e+01 -9.362955279224459915e+00 4.508579052968435974e+00
-8.336778975767787259e+00 -9.088227477233090212e+00 4.887232280005209262e+00
-1.170794027014341587e+01 -5.312883977069743580e+00 3.841421191950102454e+00
-7.389192902036954003e+00 -5.503180733884015297e+00 3.556392666649832890e+00
-9.458027407287147525e+00 -5.697871397389339343e+00 3.415076608429463256e+00
-9.326923527720733631e+00 -1.644544527594878147e+01 1.131064977704799190e+01
