-8.788725503309770204e+00 -2.463332126251824050e+01 9.964154534489406245e+00
-8.001944123092439298e+00 -2.262039339862431575e+01 9.496742800473924717e+00
-1.022174196767364052e+01 -2.289543030703124060e+01 9.705959198905985019e+00
-6.926826585586900897e+00 -1.852659705269753232e+01 1.080855039376408300e+01
-1.101319233416920973e+01 -1.902513640631588387e+01 1.094205299256997144e+01
-8.154980902448949465e+00 -1.718171771960694016e+01 1.162447290587979687e+01
-9.461097576087361460e+00 -1.739223737514629775e+01 1.174766492582205402e+01
-4.257469892081434892e+00 -1.664911849721127624e+01 7.959080489346275655e+00
-1.415824338661113657e+01 -1.652122008596118974e+01 7.677293808280230891e+00
-6.636382176052201487e+00 -1.389034455650406841e+01 1.134743957235419742e+01
-1.191855541544075159e+01 -1.374127959205996596e+01 1.107023943057353144e+01
-3.635370456251960647e+00 -1.321528627180401472e+01 6.617715200636127726e+00
-9.325585246283809582e+00 -1.070938427572705898e+01 1.156569628058586652e+01
-1.494909339621708888e+01 -1.322534741725816332e+01 6.510487791136092994e+00
-4.818211152316925094e+00 -6.443587013829906951e+00 8.814437098887843547e+00
-9.146829470448517796e+00 -6.616546346572164339e+00 1.070811475469073137e+01
-1.360273736468257155e+01 -6.856957772910730498e+00 9.148364626937571131e+00
-5.217297027217397520e+00 -5.232929683974597346e+00 8.276666011997226846e+00
-9.283479153021389152e+00 -4.020019038694817581e+00 9.567744187146717039e+00
-1.308918625235752842e+01 -5.114705404606409544e+00 7.974118797109507994e+00
-9.186359702864937304e+00 -2.677520373996906677e+00 6.263756602520960115e+00
-1.418187547357302059e+01 -6.959573473401384547e+00 6.549887901253518052e+00
-1.422215234183211052e+01 -1.025309780538195703e+01 8.289610136179510036e+00
-1.385581451847699697e+01 -9.810770802402714708e+00 6.605609539545453046e+00
-4.326977887101800313e+00 -7.248714038324255426e+00 5.622615705947588083e+00
-4.094936489259929147e+00 -1.013591727938250209e+01 8.616027425667319051e+00
-4.766203618401693376e+00 -1.046092449636787691e+01 7.064447075816169708e+00
-9.109087078876749288e+00 -2.445659736015162977e+01 7.310118589769643904e+00
-9.330189118779115276e+00 -2.262617789582589722e+01 7.010859086872240908e+00
-9.594095161097996538e+00 -2.174454512849435517e+01 6.935915427977615622e+00
-8.959445138265913045e+00 -2.175384571601539818e+01 6.911439106457572201e+00
-1.014117464806055402e+01 -2.005161300341400477e+01 6.729157512541469544e+00
-7.861831081413569677e+00 -2.001434180778976213e+01 6.918524144468740644e+00
-1.122677816371982473e+01 -1.876019985110245614e+01 6.718984327908499310e+00
-6.884841905156701358e+00 -1.915231657007348787e+01 6.811155603841047679e+00
-1.083387639239457556e+01 -1.784153498626539047e+01 6.373991494046209461e+00
-7.376632641851673000e+00 -1.846259882522870299e+01 6.676123201803245699e+00
-9.357856100876604799e+00 -1.722012229236796088e+01 6.634140110429706638e+00
-8.666269334207866493e+00 -1.731327806056782848e+01 6.673288744940079731e+00
-9.679608515036726146e+00 -1.550650177724459589e+01 6.137856132245017804e+00
-8.555559768152555478e+00 -1.547274027219429371e+01 6.190712349656915414e+00
-1.103098311054368708e+01 -1.478556895804573301e+01 5.703329214324620366e+00
-7.367315817727089211e+00 -1.425368978501342454e+01 5.584508632654689109e+00
-9.213647100358025810e+00 -1.382709768760090085e+01 5.351477299378218255e+00
-9.193041642455863638e+00 -1.283831377937984897e+01 6.006327738080034173e+00
-1.013338316296289854e+01 -9.053796211892404244e+00 4.620746492461180743e+00
-8.366236134422031512e+00 -9.244781381029486766e+00 4.709796485852278281e+00
-1.167348224244487120e+01 -5.617052737132417484e+00 3.737595795804336873e+00
-6.736500333198094381e+00 -5.757095564589888248e+00 4.127064333293260390e+00
-9.275234621632522547e+00 -6.240237153734791598e+00 3.532939442200653257e+00
-8.907067610284283177e+00 -1.682953297112713287e+01 1.120279794552438979e+01
