-9.070659350429977508e+00 -2.464378509744378221e+01 9.537509994604983277e+00
-7.905140318402285260e+00 -2.222036200147485729e+01 9.257733498970976527e+00
-1.032339392710634840e+01 -2.299237711780226689e+01 9.179366772723168921e+00
-7.036032225237757842e+00 -1.863951407637590663e+01 1.046412416080007013e+01
-1.085330570553364637e+01 -1.850159544353934393e+01 1.088701906807224873e+01
-8.297234584678470526e+00 -1.733275787781012767e+01 1.148321646916830474e+01
-9.538604115469198064e+00 -1.740070101115988166e+01 1.151849142536648962e+01
-4.045481303025026065e+00 -1.615207420472037469e+01 7.599024436025277218e+00
-1.433600635271391965e+01 -1.660069373402311399e+01 8.270396763588554023e+00
-6.422561936977848163e+00 -1.371179370879218240e+01 1.117261099743025810e+01
-1.176417390768646065e+01 -1.372769804749184175e+01 1.138630750483884491e+01
-3.490681546203812324e+00 -1.307903667413550330e+01 6.630973734977255063e+00
-9.190627026606774663e+00 -1.034127419448914331e+01 1.140780128947499072e+01
-1.504374477567645663e+01 -1.283992345086166686e+01 6.809802564622567722e+00
-4.930446858969274260e+00 -6.520592378967366542e+00 8.600796813516616623e+00
-9.356774990314539409e+00 -6.724687045919758077e+00 1.054272544359619879e+01
-1.349926355597869687e+01 -6.577109076227781514e+00 8.526746943363454179e+00
-5.601509776972902088e+00 -5.236114965753577266e+00 8.118562114081614212e+00
-9.536350086588782915e+00 -4.004520766682828636e+00 9.545123828118203591e+00
-1.298397920609174427e+01 -5.390469447505226164e+00 7.874363499843519243e+00
-9.131865584035971040e+00 -2.885446175696170901e+00 6.909889670701209852e+00
-1.398647456249236676e+01 -7.526025997099218046e+00 5.835871406250341842e+00
-1.404524978419150116e+01 -1.026839735545057408e+01 8.400210023913782464e+00
-1.364919425628102267e+01 -1.018299006976838683e+01 6.866253816235882823e+00
-4.633300938098811272e+00 -7.330011058002617652e+00 5.671773333623315594e+00
-4.247335160649322816e+00 -1.003165775736166232e+01 8.028906230374367681e+00
-4.735996876437813974e+00 -1.007198360189151742e+01 6.756437248598569312e+00
-9.228628474107201995e+00 -2.450232008809422268e+01 7.182487467305557871e+00
-9.263456521163995205e+00 -2.278437485909593718e+01 6.965966434366314353e+00
-9.503834178874344119e+00 -2.179806814851979624e+01 6.838148458632887561e+00
-8.993194283822528945e+00 -2.173714475006990199e+01 6.832744093223791282e+00
-1.015274143295112985e+01 -1.993944563439396234e+01 6.844884199161620053e+00
-7.995761223503538240e+00 -1.991832958843418666e+01 6.748140245681297777e+00
-1.127984763846403915e+01 -1.896007314763439666e+01 7.075669369480997339e+00
-7.004126637350665874e+00 -1.893149852566880753e+01 6.827912713627505958e+00
-1.080659450789425335e+01 -1.808454749886687196e+01 6.736598120578026538e+00
-7.530257628953112459e+00 -1.829584439049784805e+01 6.522537157998021584e+00
-9.403885203390727199e+00 -1.715349898318824273e+01 6.749376809315412729e+00
-8.740122321209646827e+00 -1.733288765392921249e+01 6.701916887301442749e+00
-9.461042310454606863e+00 -1.511311957292357988e+01 6.070584242737000480e+00
-8.471532438939036069e+00 -1.566381916340005453e+01 6.205786992770973676e+00
-1.077814749901158820e+01 -1.377808627721300816e+01 5.681848113155705704e+00
-7.557486873068942401e+00 -1.435232323590604508e+01 5.858514213861013786e+00
-8.856492492574069786e+00 -1.355334519507695390e+01 5.516171441487314198e+00
-9.245271819393915180e+00 -1.284070300228227346e+01 6.053260705528357377e+00
-1.017751282746580976e+01 -9.072599211827046872e+00 4.669725426051937411e+00
-8.441967803975581219e+00 -8.964552962524397373e+00 4.817429507352906093e+00
-1.154360547039996021e+01 -5.463559848332621982e+00 4.302017816164752873e+00
-6.808624838551709857e+00 -5.453430696447580495e+00 3.984870366046595169e+00
-9.435338704640681584e+00 -5.754515073340209064e+00 3.434102182019041383e+00
-9.008716166021612182e+00 -1.677326028316668527e+01 1.085639052021410933e+01
