-9.058221043278502194e+00 -2.486933339812854626e+01 9.911023921916378043e+00
-7.728619028859186280e+00 -2.259288924081640815e+01 9.676442821576678455e+00
-1.020032672543365315e+01 -2.289088830820928422e+01 9.943197111000911192e+00
-6.961227675907712964e+00 -1.866645158426973694e+01 1.097143138582109856e+01
-1.141825073581327565e+01 -1.883141557693141976e+01 1.093371597181602262e+01
-8.676163115745536558e+00 -1.726717782855720884e+01 1.163427925782820083e+01
-9.987237563984400879e+00 -1.716722325292349183e+01 1.166845914819437269e+01
-4.057919018066069583e+00 -1.591377355786960024e+01 7.695082686647352510e+00
-1.438732616196680247e+01 -1.668965156309096542e+01 7.913414696110771196e+00
-6.534153793781702468e+00 -1.380495629193433516e+01 1.132273752981716974e+01
-1.184819528519766862e+01 -1.395569951660499797e+01 1.144445312452198493e+01
-3.429725146762739652e+00 -1.283528386664164600e+01 6.547706178181353920e+00
-9.482340788162902712e+00 -1.066278293544612410e+01 1.164079486367178973e+01
-1.499473783323318088e+01 -1.280579531818521666e+01 6.754698024732125994e+00
-4.657534873950029741e+00 -6.219770736650731990e+00 8.336792235798705875e+00
-9.415572581671034058e+00 -6.379044769391963854e+00 1.076909209920707511e+01
-1.361092158503563887e+01 -6.903098474909551641e+00 9.423013273570459702e+00
-5.057846618297834773e+00 -5.112490765156093353e+00 7.689222888899300834e+00
-9.084862093489270762e+00 -3.478242135475796637e+00 9.443929890635251567e+00
-1.301988976044278878e+01 -5.129179612584016112e+00 8.513666443878287637e+00
-9.804370981686586717e+00 -2.791382115552661247e+00 6.425285696418436387e+00
-1.420941949210315336e+01 -7.119561327476710666e+00 6.117972832764092317e+00
-1.417941430035670969e+01 -1.051735724082014833e+01 8.616199209013082339e+00
-1.399979198678606274e+01 -9.565976605184827619e+00 7.111367913696889254e+00
-4.260777439072317208e+00 -7.013198289829223775e+00 5.449924615568596309e+00
-4.161859745196368365e+00 -1.017881178304155476e+01 8.333062756680458705e+00
-4.625169694905901352e+00 -9.978454826368919228e+00 6.734160600838056787e+00
-9.039291667412772568e+00 -2.465223326860005315e+01 7.539563132209584850e+00
-9.135402757930613404e+00 -2.288620128659186292e+01 7.356671092444216242e+00
-9.511015935315111136e+00 -2.196367670607880029e+01 7.241418972790929054e+00
-8.921273753883891544e+00 -2.202194760758395731e+01 7.164038942737778193e+00
-1.038600421486201242e+01 -2.014725629226309422e+01 6.808941227920037420e+00
-8.090065994700591290e+00 -2.008670946810060087e+01 6.861613887258645406e+00
-1.155874444119183941e+01 -1.890740016787518840e+01 6.800024936995388458e+00
-7.024632911236072808e+00 -1.921038273189029510e+01 7.126797538549064726e+00
-1.132352007126936755e+01 -1.797966031984573121e+01 6.412072888589969821e+00
-7.493331200257338232e+00 -1.834207495826625944e+01 6.905886950869654761e+00
-9.956050751179338576e+00 -1.739243810710728866e+01 6.825055875532927807e+00
-9.000926481180254513e+00 -1.742347754803338589e+01 6.874709587586887771e+00
-1.021468139517122253e+01 -1.545420619425189201e+01 6.070728216817075307e+00
-8.852960022986398059e+00 -1.566177776868297400e+01 6.088090035701602787e+00
-1.115408987545955988e+01 -1.438219338011832704e+01 5.567415067664281736e+00
-7.714716874522311585e+00 -1.418496572871784878e+01 5.417639909580220348e+00
-9.600670931162861521e+00 -1.380874996251405307e+01 5.245866016146624844e+00
-9.423115140382035904e+00 -1.309119595773836764e+01 5.932783051640758032e+00
-1.030727340890653565e+01 -9.124945107951138112e+00 4.395567398184676122e+00
-8.327905146729259300e+00 -9.050345882318840296e+00 4.448500867057265218e+00
-1.145117565644569702e+01 -5.306380860789227327e+00 4.031783631266141477e+00
-6.927037100748693277e+00 -5.359971691415249317e+00 3.915260285291150666e+00
-8.994936994508115902e+00 -5.652233525986163798e+00 3.450042493986291259e+00
-9.353488074988963064e+00 -1.667886698474097429e+01 1.109700420715821245e+01
