-9.135137528834324172e+00 -2.540065507509801890e+01 1.001743009885854185e+01
-8.080202278942691052e+00 -2.261452912199514742e+01 1.025193096681224780e+01
-1.033493137325114475e+01 -2.342122800147849659e+01 1.003392231886586927e+01
-6.809487784443733815e+00 -1.884910212009973662e+01 1.104538226801154188e+01
-1.146997353071041559e+01 -1.924862326911866361e+01 1.108368736654029796e+01
-8.483043367405731061e+00 -1.775901147998377994e+01 1.187587676271545689e+01
-9.958981351268855420e+00 -1.804388164702817221e+01 1.199881228454477267e+01
-4.079808356821557958e+00 -1.619933648836464712e+01 7.824069118652567489e+00
-1.419905582266691013e+01 -1.696083825791655997e+01 8.524523262151243230e+00
-6.621981139192739896e+00 -1.360700920509260214e+01 1.142217418199646950e+01
-1.167772172820775722e+01 -1.402162652893557038e+01 1.142600363755206594e+01
-3.370472888931033140e+00 -1.285124950810181232e+01 6.693249849321562195e+00
-8.859049928068312596e+00 -1.022081522320700486e+01 1.160728585537727753e+01
-1.507722834836839709e+01 -1.333162823275563191e+01 6.972635559092822177e+00
-4.530648058825904378e+00 -6.248382084828434380e+00 8.476096582640119337e+00
-9.459513886310286779e+00 -6.657133063578206666e+00 1.079081670773050305e+01
-1.386152465428121339e+01 -6.850851204066828792e+00 9.235562998994405248e+00
-4.992258878162219915e+00 -5.151283503642444472e+00 7.776148352888689885e+00
-9.211091162709246660e+00 -3.245218643274792925e+00 9.137390686727812295e+00
-1.327939255693402210e+01 -5.047134367289400458e+00 8.194131804842974987e+00
-9.122412314900023134e+00 -2.234648294191758922e+00 5.918440665719723270e+00
-1.423132300664269145e+01 -6.588444583952899336e+00 5.970004767301391624e+00
-1.426902925843782555e+01 -1.052749219249577273e+01 8.302282460784661922e+00
-1.371934938163188455e+01 -1.007926398879695640e+01 6.943918062781367695e+00
-4.128436616078232646e+00 -6.904710601995972752e+00 5.630991011226308629e+00
-4.045418614519148193e+00 -9.854303024127560207e+00 7.946304877424754665e+00
-4.668329868021608320e+00 -9.938015038821532698e+00 6.648064973477385564e+00
-9.334708382799638215e+00 -2.523286853031097010e+01 8.009798816774978292e+00
-9.299100380628246398e+00 -2.346340507712658052e+01 7.402941902357090598e+00
-9.661737300421298968e+00 -2.257680583377683092e+01 7.281612093629226123e+00
-8.989997720094020650e+00 -2.255956273274642854e+01 7.166678198515551657e+00
-1.061401721330408776e+01 -2.085400437795771467e+01 7.230066995032007782e+00
-8.076025140640746613e+00 -2.066646914251870015e+01 6.778573174628765408e+00
-1.162957149975122739e+01 -1.926469182639251798e+01 7.152896559646754859e+00
-6.976097946389787197e+00 -1.948170939180809214e+01 6.853498475939317380e+00
-1.112267956119785595e+01 -1.845150035009497813e+01 6.602535523443187060e+00
-7.417066037427681557e+00 -1.853900291205083306e+01 6.727610466221491947e+00
-9.607475335009764805e+00 -1.742351374981870649e+01 6.880793313664522515e+00
-8.720303694305510334e+00 -1.737822103794730566e+01 6.860372145100315677e+00
-9.617118792014132111e+00 -1.552069651937195260e+01 6.321906108111515543e+00
-8.359286545130194312e+00 -1.567858004267492689e+01 6.331413054149030550e+00
-1.097888094509143997e+01 -1.451531102469599688e+01 5.863701633910254785e+00
-7.345896053386000268e+00 -1.448234122525951406e+01 5.771248100049384711e+00
-9.150937561876679283e+00 -1.378883680767149222e+01 5.521190158511889656e+00
-9.297697344140077647e+00 -1.271960145868866299e+01 6.123122000663104636e+00
-1.020167246509734760e+01 -8.966374998314664779e+00 4.520106864132928060e+00
-8.638948640667960532e+00 -8.852615428642796047e+00 4.540272167429971972e+00
-1.137196401672401791e+01 -5.033558251774958414e+00 3.783298539097486479e+00
-6.512162912003306658e+00 -5.295074406600901895e+00 3.717765141810826179e+00
-9.259224752893137733e+00 -5.324911996522303070e+00 3.113514182855337875e+00
-9.173980508783706966e+00 -1.726045565664503556e+01 1.135271050875308063e+01
