-9.098997333088009398e+00 -2.508167659588173848e+01 1.040930040777688781e+01
-7.902888926078345477e+00 -2.280234751416682570e+01 1.010974531420519895e+01
-1.053003072571486065e+01 -2.309212623421148436e+01 1.000299974989088625e+01
-7.074818445348502571e+00 -1.883850095836601568e+01 1.120819950644989405e+01
-1.115276982185925014e+01 -1.913913008870352783e+01 1.131720358564338724e+01
-8.449223925307077110e+00 -1.730712582462182425e+01 1.186111373935800373e+01
-9.903158898601759574e+00 -1.748299422678949711e+01 1.197420437205350652e+01
-4.033738871493361522e+00 -1.632344615859420145e+01 7.766204126370502614e+00
-1.418768770870126872e+01 -1.686637574471008350e+01 8.521237131142305188e+00
-6.533550497733036089e+00 -1.368111746762401459e+01 1.147755707340439280e+01
-1.178441305375470272e+01 -1.360659103542277215e+01 1.141342978919204576e+01
-3.352766747110655920e+00 -1.305375820711065593e+01 6.800761851017265158e+00
-9.343423594152659106e+00 -1.065646476522725727e+01 1.176658290417532271e+01
-1.512182257228217175e+01 -1.316466620305455848e+01 6.815401809890179408e+00
-4.775100081951161535e+00 -6.087327901395831908e+00 8.716162166485192486e+00
-9.244553780610326399e+00 -6.048382915781531644e+00 1.076491202279364856e+01
-1.367362801263459637e+01 -6.694519303564199220e+00 9.448017231866835175e+00
-5.160563438960400262e+00 -5.094995875354245918e+00 8.276382286435636004e+00
-9.090431863456858608e+00 -3.642158970871450574e+00 9.611265320385399491e+00
-1.315170236373590384e+01 -5.283300385567727631e+00 8.560794653151546640e+00
-8.871776815411685391e+00 -2.820182813972695435e+00 6.366246031293965935e+00
-1.421976862409845488e+01 -7.157698454779801267e+00 5.980295849335297120e+00
-1.432795376650320662e+01 -1.030493514962977386e+01 8.423304521990194971e+00
-1.404151664665606170e+01 -9.849757946022862143e+00 6.962377336011695839e+00
-4.144741330752378161e+00 -6.965332387822035010e+00 5.876765732737478487e+00
-4.001562147970830985e+00 -1.001569467396881663e+01 8.168181919715413741e+00
-4.634500893319938974e+00 -1.014794747475497694e+01 6.945513456522942164e+00
-9.376514991132626875e+00 -2.486199744712347126e+01 7.363390316874120600e+00
-9.222302341628720868e+00 -2.325279500085289186e+01 7.291051277389928309e+00
-9.542229709526941051e+00 -2.225449770475533384e+01 7.264148256277403348e+00
-8.984936574096536788e+00 -2.247466284239792600e+01 7.208310916453122275e+00
-1.056771545968252468e+01 -2.040040929033640893e+01 7.155873841656441137e+00
-8.225418918354563402e+00 -2.046646494706755348e+01 7.102239660512308816e+00
-1.156490410278801484e+01 -1.866417659680529795e+01 6.862050744349769360e+00
-7.047850105184439329e+00 -1.917422685536863014e+01 6.955681239401102722e+00
-1.107082133155165060e+01 -1.783449046360390611e+01 6.421055030917099060e+00
-7.409439252154966127e+00 -1.826025166185872095e+01 6.674339291346980119e+00
-9.475108851487688000e+00 -1.692074429640471323e+01 6.610991743441005042e+00
-8.621843380101131160e+00 -1.691361884784421576e+01 6.616487145475605125e+00
-9.602082648945231114e+00 -1.507538663104320165e+01 6.016043597134546062e+00
-8.412569935725580095e+00 -1.520777149413014762e+01 6.114081299356925570e+00
-1.083411453986975026e+01 -1.440026885780113908e+01 5.619970496325539244e+00
-7.504916299902339993e+00 -1.440518359571715123e+01 5.722741448659998120e+00
-9.031762786835384915e+00 -1.374677219706187792e+01 5.404271386995512572e+00
-9.211203008187567320e+00 -1.300688523160883925e+01 6.217460834779933165e+00
-1.036956755781038098e+01 -9.284455172825966329e+00 4.632784670714755748e+00
-8.360640966065263413e+00 -9.288536906065033349e+00 4.675562559501878823e+00
-1.152420513157523452e+01 -5.466198251449045031e+00 3.894527327373907166e+00
-7.068531630097823815e+00 -5.673352240750179298e+00 4.014286105616037936e+00
-9.161205759143847160e+00 -6.209881017479359500e+00 3.704388398207563160e+00
-9.355141783019204738e+00 -1.693739537407916274e+01 1.128040432976172980e+01
