-9.393692890808612361e+00 -2.530063358155120667e+01 9.632147694637644975e+00
-7.991034757360988117e+00 -2.269035832846731182e+01 1.004353218280627935e+01
-1.038119226032915599e+01 -2.309065570752601460e+01 9.393589945227212468e+00
-7.169391212614945275e+00 -1.864806805793617528e+01 1.097175449095557376e+01
-1.082939379231160260e+01 -1.915704969107382283e+01 1.100900569735292045e+01
-8.530124494325704632e+00 -1.715001708064542640e+01 1.180404842433737755e+01
-9.659765771187394989e+00 -1.762988536092884573e+01 1.186779507005430290e+01
-4.017265515753999594e+00 -1.579198331412632150e+01 7.574368038243532553e+00
-1.443903175032124864e+01 -1.645777847118004900e+01 8.048372090868500806e+00
-6.787849632709484382e+00 -1.379570239905557116e+01 1.136110710725461104e+01
-1.159603668898642326e+01 -1.381287648065490359e+01 1.153324452035454684e+01
-3.296293199769383619e+00 -1.283376785235263817e+01 6.790996581497877216e+00
-9.160397096860775079e+00 -1.038059822138355059e+01 1.160318380636344671e+01
-1.509331872302078992e+01 -1.278966823347899684e+01 6.904340949522242532e+00
-4.593542866620612841e+00 -6.753933217063106120e+00 8.408202147603418553e+00
-9.479499286163212801e+00 -6.665700965065409100e+00 1.074304877809450964e+01
-1.365103293159508979e+01 -6.634520886685468355e+00 8.924023013641251723e+00
-5.181139131280964705e+00 -5.246434145829276474e+00 7.833329069524380017e+00
-8.932568999979750402e+00 -3.859649867949707769e+00 9.424941150257950540e+00
-1.298184550146888405e+01 -5.018506213997135035e+00 8.001303348765635093e+00
-9.498767641258739403e+00 -2.682203396021287212e+00 6.065740307033880896e+00
-1.410223606529284623e+01 -7.120532174312476315e+00 5.989521083225287867e+00
-1.410603852679376047e+01 -1.028915503254218144e+01 8.953618444207000593e+00
-1.382410488087477773e+01 -9.972475502685794524e+00 7.208211671479018534e+00
-4.162671686588241826e+00 -6.988403460209450024e+00 5.513692825270102738e+00
-4.131572917074032958e+00 -1.006017824440856323e+01 8.364100233933520201e+00
-4.552655742405491424e+00 -1.001392893909157422e+01 6.976592160503278350e+00
-9.104558995223161588e+00 -2.493436800770097861e+01 7.123674668805262122e+00
-9.227250991774976541e+00 -2.344956323658173503e+01 6.897804188459316421e+00
-9.280944732077752946e+00 -2.253510694708866424e+01 6.821507264210373123e+00
-8.826168534937071541e+00 -2.259293268610424832e+01 6.840024575114821204e+00
-1.033977789374731415e+01 -2.059931463535574281e+01 6.768087726280792360e+00
-8.122092963590974435e+00 -2.058270691300485211e+01 6.805469390698522858e+00
-1.174475557953179639e+01 -1.872848692674022431e+01 6.855997328763562493e+00
-7.075487437449718975e+00 -1.941888515084321654e+01 6.792275135815568632e+00
-1.120594047605309918e+01 -1.812526750664839881e+01 6.687274399619871801e+00
-7.539307007536770300e+00 -1.828026716401640073e+01 6.614727946620462262e+00
-9.748299506970877104e+00 -1.703590903015203395e+01 6.702959377356373594e+00
-8.939402833114243663e+00 -1.691543897960192311e+01 6.521035600081450667e+00
-9.640331886082812218e+00 -1.500237138119787161e+01 5.961098681693545842e+00
-8.489217598147209998e+00 -1.513074703720532632e+01 5.813165621164507968e+00
-1.098425401067752283e+01 -1.445779332213625423e+01 5.676046441034170442e+00
-7.534466076073070617e+00 -1.411824187287975541e+01 5.370742467037323387e+00
-9.131597232976439216e+00 -1.329950711795111218e+01 5.154034390394099496e+00
-9.147166690371234310e+00 -1.260012878409097326e+01 5.876516999959966903e+00
-1.026660253919109422e+01 -9.131333967918504158e+00 4.592474824783463916e+00
-8.351309414647083429e+00 -9.073786390305444982e+00 4.467650212454934433e+00
-1.171815403079861717e+01 -5.368299910314215495e+00 3.824026861760124518e+00
-6.858525169308208547e+00 -5.585410992269452812e+00 3.896235910387783274e+00
-8.997949445214533881e+00 -6.057479427479131040e+00 3.489635218654471238e+00
-9.226426806491710764e+00 -1.697286680559924577e+01 1.126425802340251003e+01
