-8.934982548672442348e+00 -2.523207130113053509e+01 1.012798161183195766e+01
-7.881259056587012424e+00 -2.254245686775581703e+01 1.019896018862933573e+01
-1.015885815639216183e+01 -2.319123966602968423e+01 1.008176112153944359e+01
-6.750855979073165258e+00 -1.896317304033540907e+01 1.100054966295751058e+01
-1.124244448358529702e+01 -1.901054990226577956e+01 1.112840357302322758e+01
-8.393539609822898484e+00 -1.751850579408291608e+01 1.184403129927421183e+01
-9.727073995571188902e+00 -1.772632737130597036e+01 1.194813885774780715e+01
-3.916753778624567861e+00 -1.610065879402881350e+01 7.944685805373548071e+00
-1.452028376514115493e+01 -1.613753996161013404e+01 7.900497638472179673e+00
-6.658347885929913446e+00 -1.379040010402584038e+01 1.154637900568152098e+01
-1.184262131191057499e+01 -1.406447257116550453e+01 1.146732648159289525e+01
-3.343872108379006391e+00 -1.312665019649593390e+01 7.106316144834693205e+00
-9.324539029122737688e+00 -1.069289054140712203e+01 1.192381508329692252e+01
-1.511638029443004605e+01 -1.323225960455049766e+01 7.000872979635986759e+00
-4.572914565033317835e+00 -6.429703117713562399e+00 8.481413016970730467e+00
-9.492336292302406164e+00 -6.503157999745544871e+00 1.094307643314771461e+01
-1.378753547249629996e+01 -6.708563588453838378e+00 9.175132925858333621e+00
-5.077521488513939474e+00 -4.981389227936722008e+00 7.701910296968533132e+00
-9.479646924809117081e+00 -3.753910275897859083e+00 9.469036382479137259e+00
-1.324091611918232658e+01 -5.148812387078065100e+00 8.161652714551175691e+00
-9.337637409752860052e+00 -2.701731265396047910e+00 6.119240051806430714e+00
-1.425180156849337187e+01 -7.014992387501026272e+00 5.746933963893999575e+00
-1.426662499304251952e+01 -1.049223254213615775e+01 8.528995803074915116e+00
-1.390394265559575437e+01 -9.945553815007935228e+00 6.708708659795520113e+00
-4.146244876845377014e+00 -6.981766955946175912e+00 5.575040476283271040e+00
-4.034927128155688436e+00 -9.886050480700385279e+00 7.981850174752361582e+00
-4.631665762109371087e+00 -9.810084294431993257e+00 6.662844311925993246e+00
-9.021008264504031260e+00 -2.491174401836340024e+01 7.347040542294089427e+00
-9.335882482700876395e+00 -2.328849279747131362e+01 7.352005877175988857e+00
-9.763346169236603700e+00 -2.240989822272184995e+01 7.395394417380190433e+00
-9.086806159151116447e+00 -2.235054737652156476e+01 7.253443486661377726e+00
-1.058780336698248270e+01 -2.060741724264580199e+01 7.248016345095303237e+00
-7.810478456321692242e+00 -2.028489943041249433e+01 6.947984808840849347e+00
-1.163033432901089448e+01 -1.895209048341560631e+01 7.184742457408499483e+00
-6.829731797701358964e+00 -1.925095213539794514e+01 6.834885651345432578e+00
-1.114537274133120270e+01 -1.800711578139801716e+01 6.679961169429351919e+00
-7.344884168088934295e+00 -1.843503067235358372e+01 6.627344575401469484e+00
-9.510156986849152005e+00 -1.716847409130390645e+01 6.776214546256121629e+00
-8.705967796663230729e+00 -1.723732424172690614e+01 6.780922741154943978e+00
-9.404632964791248995e+00 -1.534980159036880387e+01 6.047324643560593849e+00
-8.325780460517210102e+00 -1.552170884397293449e+01 6.186037340659446215e+00
-1.089643014765499984e+01 -1.441435518839013064e+01 5.576350487181670701e+00
-7.342828693453281375e+00 -1.434529672784563203e+01 5.694629477462816780e+00
-9.100215836870493291e+00 -1.372697975041607421e+01 5.296717627040909093e+00
-9.266857855525142185e+00 -1.273965925707324232e+01 5.954627884174965580e+00
-1.034180960926786597e+01 -9.301006705682969056e+00 4.435750672280963869e+00
-8.479751439837063032e+00 -9.358999978916791918e+00 4.507676157608868195e+00
-1.153273105748555061e+01 -5.344753822018612155e+00 3.822087401378152283e+00
-6.831055537201023320e+00 -5.324885633524313988e+00 3.732154698244368518e+00
-9.059785703797745171e+00 -5.591555489861540273e+00 3.317142479320462467e+00
-9.249224752031823371e+00 -1.712958349804200253e+01 1.129306379026524709e+01
