-9.109130897675587590e+00 -2.522481298787058179e+01 9.905780489162902214e+00
-7.940524718906839752e+00 -2.238738853829768161e+01 1.006044435440713869e+01
-1.036454926429506962e+01 -2.318970754906318632e+01 9.888860695146160396e+00
-6.847165898737735290e+00 -1.876203969503927738e+01 1.110962314291293040e+01
-1.156430647889625973e+01 -1.904629926504679460e+01 1.101493464527943900e+01
-8.457859840245012251e+00 -1.740898788324508928e+01 1.188881282744204171e+01
-9.890209330714887059e+00 -1.746076629333524366e+01 1.198705026947999563e+01
-4.080204172896336523e+00 -1.644978296368752169e+01 8.075560793179846542e+00
-1.427786039583619271e+01 -1.689440067640769882e+01 8.448256381544275939e+00
-6.473059521211726342e+00 -1.378282725512224616e+01 1.145597394508674505e+01
-1.194254699641616746e+01 -1.381091165122900932e+01 1.160804858568998554e+01
-3.149188763829769311e+00 -1.273387866344267749e+01 6.609564416227513561e+00
-9.014974781546841953e+00 -1.020612179197799740e+01 1.174088817296066090e+01
-1.505805963359360611e+01 -1.251888172045088865e+01 7.076319587846804815e+00
-4.833452080525642458e+00 -6.067741083079512876e+00 8.717667917520046217e+00
-9.693845058561791461e+00 -6.977142380819628009e+00 1.118267740492696483e+01
-1.383847658056138918e+01 -6.627234757085071593e+00 9.075060199099251435e+00
-5.119382234742910320e+00 -4.973539148999096327e+00 7.717415838399675820e+00
-9.259466504780027307e+00 -3.667766606843136046e+00 9.486503488112385085e+00
-1.337329347962512394e+01 -5.368840235387608573e+00 8.162069038055973280e+00
-9.373004784910262899e+00 -2.625709278711495287e+00 5.574808842806403320e+00
-1.428405830515780828e+01 -7.227908541098141626e+00 5.828494036785597743e+00
-1.428960549836898331e+01 -1.020631850502184967e+01 8.818814606641552700e+00
-1.397024518510067637e+01 -9.860785577752000819e+00 7.067223301657057810e+00
-4.394011147970882547e+00 -6.843602855470926727e+00 5.244991921965822534e+00
-3.982797527356819245e+00 -9.773743448489259578e+00 8.334998474766662113e+00
-4.402358388829929581e+00 -9.637450041586753002e+00 7.078709422578510768e+00
-9.073046912972307254e+00 -2.461378646965798822e+01 7.416530898887498502e+00
-9.338272999984996048e+00 -2.317459063163501298e+01 7.397707644903276147e+00
-9.731165103871408206e+00 -2.240043002079073631e+01 7.372510282259932879e+00
-9.043832879950679526e+00 -2.232280962244965394e+01 7.203896487400138327e+00
-1.060815064690300957e+01 -2.068251236650577596e+01 7.233863902016416603e+00
-8.057322952539220040e+00 -2.045743658639136342e+01 6.762919226836169528e+00
-1.151088137563169411e+01 -1.917316887743364262e+01 7.228468477734532271e+00
-6.919533140768145074e+00 -1.931004770466350706e+01 6.745178889933495014e+00
-1.103767274092100692e+01 -1.814505813436170811e+01 6.685553429877714393e+00
-7.352410504460055840e+00 -1.844655482945765712e+01 6.702876027982908269e+00
-9.517726719619076903e+00 -1.726347441342673505e+01 6.722330065888602491e+00
-8.733667500506625103e+00 -1.734739136230051670e+01 6.768583435503817469e+00
-9.499279856357246032e+00 -1.559576954449662090e+01 6.174501106336083289e+00
-8.439703760716371406e+00 -1.574303361141926239e+01 6.302282414346787931e+00
-1.097625123802778013e+01 -1.452019042028795326e+01 5.792397697505053955e+00
-7.543179874156101583e+00 -1.426708761852431095e+01 5.732612650481392791e+00
-9.263288113938461521e+00 -1.382983751655677906e+01 5.344646092872222809e+00
-9.298622846133827835e+00 -1.286443786505872922e+01 6.078398102797338609e+00
-1.045487096353383727e+01 -9.355455087064932229e+00 4.379615649284735568e+00
-8.367588199914198555e+00 -9.069089997881929932e+00 4.393627388822046953e+00
-1.156144096046982028e+01 -5.081929493785348306e+00 3.957230281499737767e+00
-7.212911030460136708e+00 -5.442188428188976523e+00 3.765245517151777577e+00
-9.283837433533348005e+00 -5.748048598523910258e+00 3.249180551527849570e+00
-8.944217040379639272e+00 -1.688150546290486531e+01 1.142222827097429416e+01
