-9.292996634907995102e+00 -2.543876811679605865e+01 1.000599223621395062e+01
-7.847006057037058113e+00 -2.299038124290710883e+01 9.913985695679938814e+00
-1.028096204584561058e+01 -2.346022323609533089e+01 1.004606658461056590e+01
-6.876409621191784893e+00 -1.884404800444870176e+01 1.104534921324874652e+01
-1.105824107520708566e+01 -1.885180296446363712e+01 1.142238049466398486e+01
-8.358242002129479431e+00 -1.746130715111971199e+01 1.178260493995218106e+01
-9.663528404967886232e+00 -1.769356129814339695e+01 1.179171415360706199e+01
-4.184147499077520038e+00 -1.663585666035047694e+01 7.865222956305071733e+00
-1.436161198577009124e+01 -1.659991902796545915e+01 8.140006151673411239e+00
-6.869343624016994276e+00 -1.381033441118149874e+01 1.149419053957785408e+01
-1.181494915098867260e+01 -1.346536411686893686e+01 1.120200495571702781e+01
-3.507514996608978475e+00 -1.342481469359368873e+01 6.684289351364943066e+00
-9.096246595640508303e+00 -1.035621594878966611e+01 1.151390260912734220e+01
-1.499604093209224409e+01 -1.306309798673590272e+01 6.853369550197863092e+00
-4.849853148751818388e+00 -6.183699348991692268e+00 8.608224291813757034e+00
-9.302888572769385078e+00 -6.404599496746550713e+00 1.064258625833820915e+01
-1.370355135684018855e+01 -7.287278481936739105e+00 9.431662714328155062e+00
-5.075917428748753402e+00 -5.013451059593444725e+00 7.787361997791995449e+00
-9.123241611471273771e+00 -3.617565264874121223e+00 9.306917426500749713e+00
-1.322469236550256078e+01 -5.468644104179579912e+00 8.521732154623510525e+00
-9.222168469851375505e+00 -2.481757932139784018e+00 5.723448824178134942e+00
-1.393671645046012664e+01 -6.942318102481017661e+00 5.569463125663181025e+00
-1.413485394030938380e+01 -1.024248391147425608e+01 8.302603462059979123e+00
-1.367171487664260532e+01 -9.902974767638923481e+00 6.993355871298680526e+00
-4.191164795990071745e+00 -7.066319052058505967e+00 5.508513720058378915e+00
-4.216215045282776686e+00 -1.026180399986772684e+01 8.078452250078161256e+00
-4.697949302736206256e+00 -1.008316971207882595e+01 6.729928329418518373e+00
-9.506391339146755826e+00 -2.516719828238823098e+01 7.258947770463004545e+00
-9.180477559009348809e+00 -2.367874759910983684e+01 7.124240713950888093e+00
-9.443925655704438427e+00 -2.283317424505905535e+01 7.112000283404338319e+00
-8.904848651197367460e+00 -2.285897857547593048e+01 7.064527017732179281e+00
-1.029739131672577912e+01 -2.093521257943448788e+01 6.911924475836754844e+00
-7.946994456423857045e+00 -2.063037781535810211e+01 6.983508244673766185e+00
-1.140484961912053841e+01 -1.939819044412653071e+01 6.997810210780311735e+00
-6.732444550664427041e+00 -1.909592426029882617e+01 6.985969421655402911e+00
-1.097717183973029087e+01 -1.824123243911083847e+01 6.599690792850061882e+00
-7.068523513232300104e+00 -1.848447284102262955e+01 6.666596334930546597e+00
-9.312855337433287417e+00 -1.705734964160636480e+01 6.565063714984605170e+00
-8.441349968157730643e+00 -1.728772236816170249e+01 6.540443167231288157e+00
-9.800818846478936308e+00 -1.517556701733651181e+01 5.950479768561460325e+00
-8.638874645449249101e+00 -1.551533196098483813e+01 6.066335410208164802e+00
-1.101799399586228745e+01 -1.453560752581532434e+01 5.485511621690470463e+00
-7.690387890906052348e+00 -1.462680163953573498e+01 5.597869360258268756e+00
-9.345003682910220988e+00 -1.382783988281640930e+01 5.203945566759577979e+00
-9.269518343574514319e+00 -1.279994233754150379e+01 5.959180239402982693e+00
-1.003228646846317673e+01 -9.350166997367447053e+00 4.664888389516914202e+00
-8.420384095118198076e+00 -9.122694469714128118e+00 4.497043781818453212e+00
-1.179866337402384069e+01 -4.911770157742033405e+00 3.865371586494434020e+00
-6.937616358681715667e+00 -5.305860942505149502e+00 3.776516849628297923e+00
-9.249663725701285699e+00 -5.550829891292839768e+00 3.204157297937011428e+00
-8.954957810610803648e+00 -1.687816329892686440e+01 1.117407291307119621e+01
