-9.158855183808304545e+00 -2.530280631672107461e+01 1.015596157671455835e+01
-7.930839107238249142e+00 -2.275078035056406023e+01 1.024562425074589811e+01
-1.038520650870093043e+01 -2.316547904317025797e+01 1.018181082567522999e+01
-6.819147434807766750e+00 -1.867466394152446796e+01 1.137376518914495094e+01
-1.139450700512313830e+01 -1.946813151894723504e+01 1.126786773271601305e+01
-8.369370196475863111e+00 -1.761919764267083011e+01 1.209201596208964880e+01
-9.899815081442358888e+00 -1.790773709891092125e+01 1.213939418795973602e+01
-4.005951018559112065e+00 -1.640262673590039455e+01 7.877167772510762056e+00
-1.440742831422706871e+01 -1.692127008644896691e+01 8.518775185510893522e+00
-6.587879432674180968e+00 -1.397838984360317660e+01 1.145639081054985020e+01
-1.172106380978789986e+01 -1.399621155035911713e+01 1.169174486430357973e+01
-3.163997340249600221e+00 -1.268009826465391754e+01 6.761955863712858061e+00
-9.321848473826534587e+00 -1.023870664367653660e+01 1.170039902708464474e+01
-1.511010477774056504e+01 -1.350411184155338518e+01 6.818714200509353063e+00
-4.666654440577376661e+00 -6.247156905449799069e+00 8.652470609187499662e+00
-9.274468984191241105e+00 -6.285619690504026025e+00 1.078558848453737262e+01
-1.398705364008364960e+01 -6.539184028286730843e+00 8.955653075391317941e+00
-5.058214981230110929e+00 -5.077607018490897239e+00 7.773144917879269755e+00
-9.415173322934846212e+00 -3.715684272051227310e+00 9.638476578372769055e+00
-1.334328312769990355e+01 -5.151268581677199698e+00 8.070351125488109290e+00
-9.407426893321426675e+00 -2.442852997233852630e+00 5.986394702861047357e+00
-1.424242378539121390e+01 -6.866180164756720217e+00 5.882235785712694565e+00
-1.437342343080417351e+01 -1.019328506700259496e+01 8.483702893779692999e+00
-1.404066183476209417e+01 -9.867119871334397274e+00 7.151971048487541616e+00
-4.092052028857016133e+00 -6.593487624215173426e+00 5.660748006763918205e+00
-3.947201846855028506e+00 -9.839250955155325329e+00 8.143467557850405214e+00
-4.539004221596654176e+00 -9.968047772865300971e+00 6.989462114754031674e+00
-9.262602109065307232e+00 -2.501365119800215453e+01 7.259889460767108282e+00
-9.184811640208419448e+00 -2.344199025963198579e+01 7.133631506963892477e+00
-9.622462817799874557e+00 -2.257020930540414838e+01 7.099993236705980593e+00
-8.972751438165840199e+00 -2.260218584926886365e+01 7.060637878938911705e+00
-1.070254199496496383e+01 -2.059473157776275087e+01 7.093827577255152228e+00
-8.077517344429764989e+00 -2.077437708274736394e+01 7.107085412478111763e+00
-1.162395704511083316e+01 -1.883939597735349381e+01 7.008155206405814575e+00
-6.862431726269851318e+00 -1.956891632809779225e+01 7.045952881948513991e+00
-1.115181810483729663e+01 -1.817110184820655050e+01 6.795565283433075976e+00
-7.252546796933960316e+00 -1.853919552054824038e+01 6.721477066036987580e+00
-9.488030079710114251e+00 -1.751879145602074317e+01 6.971551955090283137e+00
-8.595136386731176970e+00 -1.738654818812285896e+01 6.731794004315204027e+00
-9.414523902111769260e+00 -1.562788366041462140e+01 6.237820115534235654e+00
-8.278316720032989906e+00 -1.548912379552688101e+01 6.079853384453389076e+00
-1.082565954624681481e+01 -1.470859789654687688e+01 5.715830522985092976e+00
-7.512669032528705770e+00 -1.449547705072103021e+01 5.522947788666679791e+00
-9.097262970908932544e+00 -1.419952603175628525e+01 5.392551980962423386e+00
-9.274782776385997352e+00 -1.344836974594919532e+01 6.205135132607031423e+00
-1.041706906166265334e+01 -9.075635465044769035e+00 4.404944435779086120e+00
-8.460497367559923987e+00 -8.697050709054240158e+00 4.370295527406739211e+00
-1.148429673677609308e+01 -5.078553280337339437e+00 3.539626584251081898e+00
-6.783892917830680602e+00 -5.313112161921344168e+00 3.513688856995677234e+00
-9.216496522582911410e+00 -5.601071469574651296e+00 3.068119303799798470e+00
-9.138105219649993671e+00 -1.708775805762752853e+01 1.158526268313171315e+01
