-9.061101510925517744e+00 -2.529214557251890483e+01 9.760626816816227347e+00
-7.857051647555397977e+00 -2.252888833160983495e+01 9.919503538285391997e+00
-1.030001046792961361e+01 -2.331872959855314065e+01 9.906036182646733579e+00
-6.856492684533775694e+00 -1.895835760213368459e+01 1.101618265799179675e+01
-1.120253847065105823e+01 -1.918117765789546425e+01 1.119326176885889979e+01
-8.386064522710849900e+00 -1.741839278784870970e+01 1.171628502051368237e+01
-9.740326291937156711e+00 -1.775356005907335799e+01 1.182536205941314478e+01
-4.105018877297816893e+00 -1.611535170107659809e+01 7.726914453832609553e+00
-1.425804062011166806e+01 -1.665728831790269027e+01 8.093552914343492333e+00
-6.815618246128571478e+00 -1.395908809383211668e+01 1.146197813225515283e+01
-1.172102618555111420e+01 -1.384455895262020420e+01 1.138152882283709033e+01
-3.518461235385603292e+00 -1.260611342754751441e+01 7.079626742560695796e+00
-8.963699657379548213e+00 -1.015884931247006229e+01 1.162203314207423865e+01
-1.512290859879674798e+01 -1.270055973763848911e+01 7.135566700348041635e+00
-4.508908543995861606e+00 -6.365461601330342667e+00 8.475568036229663704e+00
-9.357720401483700101e+00 -6.633043507053240972e+00 1.087279823793177336e+01
-1.383186792489931172e+01 -6.712961387284002157e+00 9.258063638394739669e+00
-4.977373249218867812e+00 -4.922532787192453796e+00 7.660778592441777946e+00
-9.428927700869978779e+00 -3.818734238087867716e+00 9.533590716726179082e+00
-1.323295969674475714e+01 -5.059873675023894180e+00 8.318776444369074596e+00
-9.427435066059715041e+00 -2.796188366484466670e+00 6.065692400357519887e+00
-1.420675048182316580e+01 -6.905290569392430911e+00 5.769014706113071433e+00
-1.426111839433827910e+01 -1.050860929679357980e+01 8.535860786510006903e+00
-1.388059014691240378e+01 -1.000568442754267018e+01 6.760986813945741858e+00
-4.324709894054993953e+00 -6.879131439186879859e+00 5.528114493763524706e+00
-4.094566329672600702e+00 -9.904049307053021778e+00 8.154322708158801447e+00
-4.662485077599030525e+00 -9.880124224876368544e+00 6.704716294377431218e+00
-9.226645926524273733e+00 -2.471506263902319844e+01 7.281030345835502793e+00
-9.215073891323205757e+00 -2.330049461381940645e+01 7.205302346612966424e+00
-9.472681515134022234e+00 -2.251188418506282574e+01 7.056183664532548860e+00
-8.904192403802886346e+00 -2.239071115078369090e+01 7.038846190551429238e+00
-1.034127208993088409e+01 -2.068940657024377572e+01 6.721904369032339233e+00
-8.027339403959008024e+00 -2.042628105711686004e+01 6.692405347001861848e+00
-1.150862480134221677e+01 -1.902547429157876735e+01 6.905208796407386274e+00
-6.937954746733648648e+00 -1.932581590551414408e+01 6.805444435269265568e+00
-1.109340416790510275e+01 -1.809527103212914412e+01 6.691896825346908884e+00
-7.410828112691187464e+00 -1.845115385565446076e+01 6.728961457632160581e+00
-9.581808274990660124e+00 -1.727891741599554720e+01 6.831452722503760455e+00
-8.786527636809358555e+00 -1.734246185784796523e+01 6.814417463972219480e+00
-9.426880683457500965e+00 -1.548995052409850537e+01 6.079208419202559277e+00
-8.434438833554835924e+00 -1.567036766536154069e+01 6.225098999887176632e+00
-1.074785499824774959e+01 -1.447320005715767621e+01 5.688522245669804356e+00
-7.555139991694297841e+00 -1.439048384843413686e+01 5.806159173910193871e+00
-9.011558709922628196e+00 -1.382094293894146375e+01 5.374789700488123323e+00
-9.211104025854577770e+00 -1.286343958628328643e+01 6.014614129981465496e+00
-1.032162449444436092e+01 -9.072115134354934440e+00 4.824839488192600889e+00
-8.588970636936403835e+00 -8.923830710366802421e+00 4.593715197629776981e+00
-1.160115617149977574e+01 -5.531262288886409806e+00 4.009019205268955943e+00
-6.837392333654867649e+00 -5.372117355318954068e+00 3.661151156986651056e+00
-9.165137852587671219e+00 -5.932691878668988394e+00 3.327084342818261042e+00
-9.193882535117191779e+00 -1.705947833611120146e+01 1.128029795747042918e+01
