-9.278123855590820312e+00 -2.459498214721679688e+01 9.878680229187011719e+00
-8.002502441406250000e+00 -2.231549072265625000e+01 9.678550720214843750e+00
-1.049369239807128906e+01 -2.260816192626953125e+01 9.601045608520507812e+00
-7.163170337677001953e+00 -1.860163879394531250e+01 1.076065444946289062e+01
-1.118688297271728516e+01 -1.866055107116699219e+01 1.086510181427001953e+01
-8.567566871643066406e+00 -1.720786094665527344e+01 1.156099605560302734e+01
-9.783642768859863281e+00 -1.731430625915527344e+01 1.160890579223632812e+01
-3.988944292068481445e+00 -1.604104614257812500e+01 7.730996131896972656e+00
-1.449872493743896484e+01 -1.625824928283691406e+01 8.115449905395507812e+00
-6.530455589294433594e+00 -1.376859951019287109e+01 1.118145465850830078e+01
-1.190265369415283203e+01 -1.378214740753173828e+01 1.124178409576416016e+01
-3.403100252151489258e+00 -1.289663505554199219e+01 6.742555618286132812e+00
-9.140063285827636719e+00 -1.049860477447509766e+01 1.145684432983398438e+01
-1.510701179504394531e+01 -1.285517597198486328e+01 7.033309936523437500e+00
-4.830310344696044922e+00 -6.617351055145263672e+00 8.760890007019042969e+00
-9.285676002502441406e+00 -6.843631267547607422e+00 1.076950836181640625e+01
-1.363411808013916016e+01 -6.840846538543701172e+00 9.028764724731445312e+00
-5.311377525329589844e+00 -5.395649433135986328e+00 8.148097038269042969e+00
-9.292519569396972656e+00 -3.937211036682128906e+00 9.458376884460449219e+00
-1.311658763885498047e+01 -5.441442012786865234e+00 8.338280677795410156e+00
-9.317316055297851562e+00 -2.951864719390869141e+00 6.496319293975830078e+00
-1.422571468353271484e+01 -7.362716197967529297e+00 6.086845397949218750e+00
-1.418026638031005859e+01 -1.026283740997314453e+01 8.585201263427734375e+00
-1.380950832366943359e+01 -9.871430397033691406e+00 7.300484180450439453e+00
-4.314836025238037109e+00 -7.259344577789306641e+00 5.913167476654052734e+00
-4.259488582611083984e+00 -1.018254947662353516e+01 8.370563507080078125e+00
-4.736511707305908203e+00 -1.010758590698242188e+01 7.138268470764160156e+00
-9.342826843261718750e+00 -2.423888206481933594e+01 7.210235118865966797e+00
-9.343825340270996094e+00 -2.264805984497070312e+01 7.039618015289306641e+00
-9.601758956909179688e+00 -2.184968948364257812e+01 6.985217094421386719e+00
-9.032364845275878906e+00 -2.186979293823242188e+01 6.975329399108886719e+00
-1.035389518737792969e+01 -2.016498565673828125e+01 6.807222366333007812e+00
-8.120827674865722656e+00 -1.989394950866699219e+01 6.752495765686035156e+00
-1.139664268493652344e+01 -1.872982978820800781e+01 6.834043025970458984e+00
-7.159530162811279297e+00 -1.865896606445312500e+01 6.583895683288574219e+00
-1.101468276977539062e+01 -1.788019943237304688e+01 6.496339321136474609e+00
-7.566475868225097656e+00 -1.792012405395507812e+01 6.411182880401611328e+00
-9.656414985656738281e+00 -1.682180786132812500e+01 6.560437679290771484e+00
-8.873701095581054688e+00 -1.685853767395019531e+01 6.500579357147216797e+00
-9.799723625183105469e+00 -1.515356254577636719e+01 5.860394477844238281e+00
-8.729069709777832031e+00 -1.533971023559570312e+01 5.952091217041015625e+00
-1.092689609527587891e+01 -1.429946613311767578e+01 5.455692291259765625e+00
-7.667386531829833984e+00 -1.432298564910888672e+01 5.482164382934570312e+00
-9.327317237854003906e+00 -1.363751506805419922e+01 5.130220890045166016e+00
-9.296907424926757812e+00 -1.282666492462158203e+01 5.918174743652343750e+00
-1.017225837707519531e+01 -9.445453643798828125e+00 4.668891429901123047e+00
-8.445820808410644531e+00 -9.431105613708496094e+00 4.637284278869628906e+00
-1.159449100494384766e+01 -5.652177333831787109e+00 4.098970890045166016e+00
-7.075460433959960938e+00 -5.679684638977050781e+00 4.042151451110839844e+00
-9.368645668029785156e+00 -6.147562980651855469e+00 3.791299581527709961e+00
-9.128905296325683594e+00 -1.671032905578613281e+01 1.103653907775878906e+01
