-9.104739122824131670e+00 -2.542369194809858257e+01 1.001526582076360228e+01
-7.919058352748431062e+00 -2.303420065180526777e+01 9.909862019499176000e+00
-1.036078461803361428e+01 -2.341034245123682211e+01 1.016454759510254391e+01
-7.062799295549670120e+00 -1.909246166609467465e+01 1.088164398389986331e+01
-1.113439279744570776e+01 -1.895660633663778327e+01 1.114194503881897447e+01
-8.255489118145796112e+00 -1.722144111918159126e+01 1.195007820304483737e+01
-9.612310065267198667e+00 -1.739751623228013244e+01 1.200695247897914442e+01
-3.987574069368367446e+00 -1.651245541943635331e+01 7.848407479170328216e+00
-1.457576713161529902e+01 -1.664264350883436450e+01 8.560698082594679903e+00
-6.589316657718749859e+00 -1.357708950506699708e+01 1.135880294277337477e+01
-1.175664017846656506e+01 -1.363817649090734108e+01 1.157601183546551837e+01
-3.052382273993166528e+00 -1.255444662338033091e+01 6.493110685079709121e+00
-9.436153718869979556e+00 -1.034350885296992573e+01 1.164071395174057777e+01
-1.551104552558417993e+01 -1.315739974012465474e+01 7.346547524154310338e+00
-4.656722234144464068e+00 -6.135898231197073116e+00 8.368286634313918171e+00
-9.578958159241812709e+00 -6.451629587910248098e+00 1.091212031040104691e+01
-1.381755667187531778e+01 -6.921209641130817047e+00 9.491369509770787971e+00
-5.053724568031356945e+00 -4.816805288283391384e+00 7.693521464004239974e+00
-9.488531699519164420e+00 -3.570842283105565951e+00 9.687004222543841081e+00
-1.316777097483791614e+01 -5.073478941698841282e+00 8.549728269137451875e+00
-8.895948880767557299e+00 -2.416503886032157045e+00 6.417862840367868138e+00
-1.425196996292607032e+01 -6.711762016199165792e+00 6.009860727808814751e+00
-1.427312180695751742e+01 -9.949315754475010820e+00 8.506031939545520615e+00
-1.404771112418533363e+01 -9.495435047032412257e+00 7.029643716984335100e+00
-4.090176936140514918e+00 -7.121578568325513281e+00 5.527003321884032871e+00
-4.111948591389482210e+00 -1.012367387214857040e+01 8.037241972016165192e+00
-4.433914886803890454e+00 -9.937346103387072915e+00 6.579193891307856923e+00
-9.223966244512929791e+00 -2.514488368806411245e+01 7.099375380758997878e+00
-9.158763968664855426e+00 -2.341999527045856411e+01 7.384648794625320534e+00
-9.523919569072823776e+00 -2.250329724617892069e+01 7.341942554174653246e+00
-8.815719731697415185e+00 -2.242547131766149349e+01 7.263556133971158957e+00
-1.058593755045717621e+01 -2.081622171283726885e+01 7.194179582297269171e+00
-7.945492211465547072e+00 -2.008659719172943880e+01 6.935858762634357966e+00
-1.167184301724434015e+01 -1.941522062780539670e+01 7.330764749703047478e+00
-6.858093988414976749e+00 -1.907322919555005214e+01 6.953795934174822335e+00
-1.125198592857585922e+01 -1.847580834242101844e+01 6.863204552394088331e+00
-7.307225478764220128e+00 -1.836234405036731943e+01 6.630196712021131589e+00
-9.722397873517030220e+00 -1.733819711756459725e+01 6.760432256509005811e+00
-8.862257709980580600e+00 -1.733998822738177026e+01 6.616822059759972063e+00
-9.979409985000195604e+00 -1.561054854265687553e+01 5.986918423507116671e+00
-8.772233946518571912e+00 -1.566359861020765720e+01 5.900971674181812787e+00
-1.128715892195335968e+01 -1.478468316536809546e+01 5.613904926986216459e+00
-7.636580186719854169e+00 -1.435442998126913849e+01 5.348243087302962273e+00
-9.414333851287020494e+00 -1.388782755497578592e+01 5.037304642206454020e+00
-9.383547561300723316e+00 -1.280712200789682242e+01 5.683291147167314428e+00
-1.024391740448885102e+01 -9.203433169932813129e+00 4.467356171522553154e+00
-8.374854615733038798e+00 -9.033324603258806818e+00 4.377805917637668465e+00
-1.180709125858173358e+01 -5.250745930546578677e+00 3.843062480572988715e+00
-6.684009204836023343e+00 -5.384153263862321737e+00 3.713490370158408993e+00
-9.270753187540016427e+00 -5.973808210533338325e+00 3.578657891826705129e+00
-8.897122603494935333e+00 -1.690267925627130552e+01 1.145480580907601542e+01
