-9.553473545015126689e+00 -2.502508693272533691e+01 1.017854747677552218e+01
-7.877268888709455297e+00 -2.232949784606368127e+01 1.011170562842063525e+01
-1.070008844393872671e+01 -2.322455695024710565e+01 9.690668972028806394e+00
-6.764364460913254717e+00 -1.932559971966633228e+01 1.116036027467613856e+01
-1.146110200668158008e+01 -1.937125270611467442e+01 1.134738428085806383e+01
-8.251336079252478584e+00 -1.789624624551716181e+01 1.205791633620359171e+01
-1.005322359980808500e+01 -1.794967094563615007e+01 1.211236632802805246e+01
-4.072003409984105815e+00 -1.692073083014412305e+01 8.145927455764834235e+00
-1.445906010497246008e+01 -1.653814637661872666e+01 7.806272612934587407e+00
-6.453427092010690203e+00 -1.356089895597006922e+01 1.140106022319935164e+01
-1.184478940798911495e+01 -1.355087310269833623e+01 1.150537263945619770e+01
-3.219404647169924694e+00 -1.311139458517177125e+01 6.270541511491034115e+00
-8.998364370175266913e+00 -1.056238511213460107e+01 1.141106091291124081e+01
-1.523117116763096845e+01 -1.284298319449883863e+01 6.615746909337770987e+00
-4.631757692264286241e+00 -6.152452735917440130e+00 8.748673090972969746e+00
-9.591624239572084321e+00 -6.874760193029888278e+00 1.069343465161857942e+01
-1.379599259407131662e+01 -6.485734959173714564e+00 9.141459259552142669e+00
-5.084390321267003188e+00 -4.926664725110546428e+00 8.147167976561540570e+00
-9.001165336802655403e+00 -3.518760601602255456e+00 9.572336348508734716e+00
-1.335603451675840780e+01 -5.098953351912667742e+00 8.283628942890816305e+00
-8.850565495973754082e+00 -2.273840992608881173e+00 6.187678327320710103e+00
-1.433728290149091400e+01 -7.008731522435726724e+00 6.210989452139714651e+00
-1.431848255152247340e+01 -9.972460849786241255e+00 8.749538879834094729e+00
-1.392001596438592514e+01 -9.670819697724688524e+00 7.150677669296817918e+00
-4.269908145976941682e+00 -7.106628236786844965e+00 5.949864076075746411e+00
-3.896284435662928924e+00 -9.917989792604318566e+00 8.324719158295849297e+00
-4.553720255858340948e+00 -9.964035151681382985e+00 7.004916932778421312e+00
-9.316880230721359624e+00 -2.529785457151409744e+01 7.399517312960893101e+00
-9.318095808351227305e+00 -2.354612783076239424e+01 7.118587885331680631e+00
-9.529105407559065100e+00 -2.239418769013269284e+01 7.088750691918881408e+00
-8.917998951312290146e+00 -2.248317121514810424e+01 6.971628092958062517e+00
-1.034342004334721388e+01 -2.032134443212083141e+01 6.956807008820025118e+00
-7.849241525342157466e+00 -2.014182738140962314e+01 6.758532392858391802e+00
-1.162959231095432955e+01 -1.906499294066694716e+01 6.902460905812929148e+00
-6.887406988434316091e+00 -1.913831913200775148e+01 6.414731145975786752e+00
-1.108310924005050069e+01 -1.842389098571183936e+01 6.470191547474579252e+00
-7.276927819656360263e+00 -1.828235220593344934e+01 6.275175513981762876e+00
-9.833270290321012297e+00 -1.739177770033919757e+01 6.681415883225747088e+00
-9.035103756479870185e+00 -1.725223613382829058e+01 6.642997558154750237e+00
-9.936866557442129988e+00 -1.506901903139129217e+01 6.013602473413972582e+00
-8.955550860312229133e+00 -1.526752952070733116e+01 6.158043262525223049e+00
-1.094296379188772939e+01 -1.415343746997206509e+01 5.585855001056961200e+00
-7.569622607542722648e+00 -1.429488560758587212e+01 5.565429451812271111e+00
-9.267405635776471584e+00 -1.343055937633813635e+01 5.301824071207885680e+00
-9.242844022353569500e+00 -1.272121765694384443e+01 6.128987824918291416e+00
-1.012424493926524249e+01 -9.180096155144552128e+00 4.727151918675046360e+00
-8.617347776662452219e+00 -9.117659827515616655e+00 4.755996867375634984e+00
-1.160689406174578764e+01 -5.081543723282694103e+00 4.091094214912304849e+00
-6.692956526137988860e+00 -5.327249137053591710e+00 4.117437917527298374e+00
-9.267957076526503357e+00 -5.987292045604333701e+00 3.723901613245575337e+00
-8.942631815264316941e+00 -1.707513655213223913e+01 1.168020850694368384e+01
