-9.496395322450240428e+00 -2.481922814195938898e+01 1.009984200405451915e+01
-8.198437436695424907e+00 -2.279602792714239001e+01 1.018533293488809832e+01
-1.039389583352454061e+01 -2.283576889056701020e+01 9.883934985219566371e+00
-7.086062120521273044e+00 -1.860858488662844934e+01 1.123996210494966341e+01
-1.133312315368295842e+01 -1.907156608118123842e+01 1.102043935178812006e+01
-8.293043634058600233e+00 -1.721647875066816624e+01 1.161353767437091378e+01
-9.685002527542627249e+00 -1.744964021576848978e+01 1.168682777494508152e+01
-3.961600081501448933e+00 -1.625565616747710251e+01 7.808510902183630087e+00
-1.447636041442681076e+01 -1.640860274389189399e+01 8.123056528280223176e+00
-6.799066534691029062e+00 -1.415470412618590856e+01 1.120206332990184528e+01
-1.178240545570390196e+01 -1.381857961971991600e+01 1.145664380275515626e+01
-3.172313869313200918e+00 -1.282470693461110578e+01 6.826575139644021739e+00
-9.390886563681537069e+00 -1.100761431876277285e+01 1.165123952765018345e+01
-1.518827881268685864e+01 -1.319623905156569954e+01 6.995468986081059271e+00
-4.595505598438506034e+00 -6.667354721815229368e+00 8.916590950565309370e+00
-9.187916332243919015e+00 -7.162435018153842314e+00 1.114188188078711761e+01
-1.377646709516882773e+01 -6.627040408582433706e+00 9.099528537573513987e+00
-4.987264563359119052e+00 -5.441396001624091205e+00 8.323804625898940657e+00
-9.677357662067295863e+00 -3.597877355734557803e+00 9.396600427732135330e+00
-1.317550605498694516e+01 -5.046076189362227460e+00 8.232274212438612793e+00
-9.072935489299744916e+00 -2.827392888651827363e+00 6.483787067642754032e+00
-1.421927971602405805e+01 -7.351559036828080096e+00 5.941928872498291270e+00
-1.428312304859138848e+01 -1.003872224240246780e+01 8.642638371127540964e+00
-1.404461118866240632e+01 -9.937825094616563604e+00 7.010855570801197700e+00
-4.300216175355451753e+00 -7.112990002341719631e+00 5.860196773884931432e+00
-4.013615761798668302e+00 -1.010155703945792105e+01 7.982023753244681608e+00
-4.333967746124469222e+00 -1.006790444519964645e+01 6.916286766404065034e+00
-9.374563942858070931e+00 -2.475251296275822099e+01 7.417738845574163520e+00
-9.134313129771216566e+00 -2.332359929875040905e+01 7.279814208434544298e+00
-9.517468956410787939e+00 -2.228290928804008075e+01 7.151897256658833690e+00
-8.928238717054917117e+00 -2.241564951414963502e+01 7.101752552896508419e+00
-1.058562593174729116e+01 -2.031918048111479180e+01 6.957324388666891402e+00
-7.862418040903245142e+00 -1.980412244871391891e+01 6.988904476191828863e+00
-1.153923912836047272e+01 -1.918635978961658495e+01 7.225413168203266068e+00
-6.478041654057985710e+00 -1.874896716271485531e+01 7.080419063250487532e+00
-1.120465680270308617e+01 -1.818757109427515672e+01 6.795142772020613009e+00
-7.169766591100925623e+00 -1.818901391485955088e+01 6.892925964905437297e+00
-9.718266463596224369e+00 -1.724295359368339930e+01 6.857413546931248050e+00
-8.887982299549310738e+00 -1.729632931779301686e+01 6.847543495099953859e+00
-9.680205458298868137e+00 -1.581963864761563343e+01 6.260756724372726012e+00
-8.531897763282739078e+00 -1.584946400133380173e+01 6.355022774883595460e+00
-1.091692684054650542e+01 -1.497889068759280562e+01 5.851750637810342326e+00
-7.496302665675745658e+00 -1.457035821225568917e+01 5.779078370318051050e+00
-9.174477148532842463e+00 -1.401272364479660482e+01 5.421744307997583334e+00
-9.272293523858426312e+00 -1.286046444556084900e+01 6.046954210478114433e+00
-1.052508072857944832e+01 -9.236684640021110226e+00 4.591700855656965174e+00
-8.625390723796142467e+00 -9.472737053869590085e+00 4.468713521131977728e+00
-1.164671510809861132e+01 -5.372338183778071041e+00 4.126120683145186874e+00
-6.842182531048818461e+00 -5.185162059316010819e+00 3.914302310096901216e+00
-9.223611942091258342e+00 -5.858243623508530895e+00 3.598082331516528676e+00
-9.114790715157758072e+00 -1.683870824543060962e+01 1.124623503186085216e+01
