-9.313558028661406141e+00 -2.510695662290144980e+01 1.024472499301752748e+01
-7.910938411403362736e+00 -2.311840499575914976e+01 9.956557501428004997e+00
-1.034263255104677270e+01 -2.326483895626513387e+01 9.887031260494069329e+00
-7.257162383271590578e+00 -1.870623972060357332e+01 1.126082593280687583e+01
-1.128318982138989490e+01 -1.874486645519821693e+01 1.127272706127783408e+01
-8.583402991458129350e+00 -1.739715299723069108e+01 1.186933114890017293e+01
-9.985932236419174046e+00 -1.757571128600479682e+01 1.185180160847811592e+01
-3.890255310668128352e+00 -1.619785946356136108e+01 7.497761630394927046e+00
-1.460404716993704177e+01 -1.668493345512431603e+01 8.075031988091367907e+00
-6.721467372203027146e+00 -1.448278484602352378e+01 1.133363509577968564e+01
-1.198609784077256535e+01 -1.384282396932870185e+01 1.137849714401329493e+01
-3.422936310625986689e+00 -1.334361374008519086e+01 6.601334754352631506e+00
-9.202825690484287335e+00 -1.086091928019513375e+01 1.168862163035306168e+01
-1.507437113426092878e+01 -1.293729595523948106e+01 6.924318353077831389e+00
-4.786543482379977732e+00 -6.540781437413439647e+00 8.801915944493263311e+00
-9.291217584138614427e+00 -6.608976287090905011e+00 1.067133686402934778e+01
-1.378872705004506116e+01 -6.772318954262673607e+00 9.195353761967680839e+00
-5.379794773536699104e+00 -5.046627495080319825e+00 8.188551178184701129e+00
-9.291338951443805172e+00 -3.899118385632381667e+00 9.578026438937952136e+00
-1.345428072542811826e+01 -5.376554854347050494e+00 8.139163920327003865e+00
-9.496718855996551412e+00 -2.633306520019603525e+00 6.564934885672654374e+00
-1.414641810882824302e+01 -7.259057199165252605e+00 5.989172601506923321e+00
-1.421465940861652655e+01 -1.029120323107106216e+01 8.625129909223048230e+00
-1.388383016331186326e+01 -9.923207472671872864e+00 7.110306175902391779e+00
-4.371853900724574693e+00 -7.067265968913328145e+00 5.551278225780627906e+00
-4.133040696849240803e+00 -1.024273073542652313e+01 7.936268137135633616e+00
-4.722345075800790326e+00 -9.977865058601009807e+00 6.504173847476189430e+00
-9.250637160554076033e+00 -2.486552288622695883e+01 7.513908751580173906e+00
-9.119017150373242231e+00 -2.315141376214285174e+01 7.554206444067317783e+00
-9.458026902037431682e+00 -2.238879262195376896e+01 7.592046732224960515e+00
-8.846720136113622956e+00 -2.231532668496697980e+01 7.449890905145640119e+00
-1.029734890491420174e+01 -2.078335086313746771e+01 7.067008875368426146e+00
-8.034094081822706457e+00 -2.039264836321319052e+01 6.896385946692975111e+00
-1.134960992880855990e+01 -1.896037372572838819e+01 6.837441953811087103e+00
-7.071708168664204486e+00 -1.908113746034760538e+01 6.733968469461615314e+00
-1.107528343382411151e+01 -1.803983481051325199e+01 6.566665671371204382e+00
-7.502808615180962093e+00 -1.822241999856056083e+01 6.516247739178322007e+00
-9.941490024295189798e+00 -1.725748876049037861e+01 7.112281564003488654e+00
-9.072248623650139621e+00 -1.729154513489762479e+01 6.956373974018227102e+00
-9.797742621241038563e+00 -1.536598937692879829e+01 6.070994655631430703e+00
-8.714058906279367633e+00 -1.571997731284114153e+01 6.144492764227225123e+00
-1.075177885402983868e+01 -1.432209227586210432e+01 5.578488752717337462e+00
-7.606767285528662548e+00 -1.461301411901969693e+01 5.517001730823604788e+00
-9.053695490009602054e+00 -1.360074578136176271e+01 5.065337126756389807e+00
-9.114796581422218935e+00 -1.274702563935989730e+01 5.918586175211624223e+00
-1.038127425127446735e+01 -9.387793893901132947e+00 4.799994335785819466e+00
-8.457243194077756598e+00 -9.441168523646451760e+00 4.800883023818361295e+00
-1.157907992679839637e+01 -5.417550459560792397e+00 4.298511210030206975e+00
-7.263877499090689582e+00 -5.504605516212368599e+00 4.031704571125583669e+00
-9.359855044310876337e+00 -6.290011470709748309e+00 3.937890666359824099e+00
-9.193639346650520849e+00 -1.712500673377991944e+01 1.132577750827732288e+01
