-9.343475999037108792e+00 -2.380051132957442306e+01 1.021724133941842361e+01
-8.050295055232659536e+00 -2.203469013953191791e+01 9.846537722816885108e+00
-1.055622124485169344e+01 -2.236519720507360276e+01 9.352547566445375438e+00
-6.982948118848717911e+00 -1.864871967266577357e+01 1.099455372906057704e+01
-1.127371317266146455e+01 -1.870998373668344072e+01 1.104134476156106182e+01
-8.641383467498018334e+00 -1.730115955092767521e+01 1.163942855071094051e+01
-1.019959342089806320e+01 -1.701376542124297941e+01 1.167817276351025590e+01
-3.807157061050263636e+00 -1.622836537505959598e+01 7.728735683856826633e+00
-1.467536229938111347e+01 -1.659918210549410134e+01 8.114314620248375576e+00
-6.531729656077684965e+00 -1.385165461868772852e+01 1.112037905213612099e+01
-1.212986871982249859e+01 -1.363606861306797136e+01 1.131239532930428027e+01
-3.333393865807886769e+00 -1.304001007017656555e+01 6.450258637542223283e+00
-9.699047321247228126e+00 -1.072873301440127491e+01 1.163736760109224022e+01
-1.514197577736394962e+01 -1.316736188860111412e+01 6.733976258384261726e+00
-5.021393595336943960e+00 -6.720642789757842905e+00 9.032977624081361512e+00
-9.040478548782004964e+00 -6.456249594404334324e+00 1.064727102093833544e+01
-1.353389692449553117e+01 -7.144230263422559624e+00 9.353675879276597271e+00
-5.125064697429672300e+00 -5.637628358787427629e+00 8.036943748263444931e+00
-9.082591732336862123e+00 -4.321208333077105834e+00 9.706930580521742513e+00
-1.303078696238138257e+01 -5.212486311460200028e+00 8.128042760760344265e+00
-9.366943045867342832e+00 -2.737739042266168266e+00 6.228481599651864542e+00
-1.423386107230298769e+01 -7.049112726763032910e+00 6.052777863572507577e+00
-1.415593011125567635e+01 -1.006004222950980420e+01 8.611135707055916910e+00
-1.379775199950181452e+01 -9.649244346167597186e+00 6.913920557296355796e+00
-4.092714371838956033e+00 -6.953003387826157677e+00 5.406824839130146998e+00
-4.299165294162100359e+00 -1.022430092758431464e+01 8.233644632177950839e+00
-4.593527547169806269e+00 -1.021553385664072167e+01 6.685220854783138655e+00
-9.317465893152405698e+00 -2.423489826453348428e+01 7.168849298695531225e+00
-9.048656672385604338e+00 -2.257903975277866948e+01 7.134902516855258447e+00
-9.446155038128349446e+00 -2.169113588966762407e+01 7.045642279863523427e+00
-8.736971175789706834e+00 -2.173664369078502645e+01 7.071241679476406361e+00
-1.040219297156809120e+01 -2.035586681190059011e+01 6.790032509604429833e+00
-7.744278843977316029e+00 -1.993350269983416112e+01 6.742525904034941675e+00
-1.148269807456119551e+01 -1.901021800030345332e+01 6.988736792647751273e+00
-6.828141545025262715e+00 -1.882350767129130276e+01 6.519902607791594029e+00
-1.118400327062394695e+01 -1.793140919648581288e+01 6.651809538033078617e+00
-7.249557068387959546e+00 -1.808032276209699063e+01 6.235666237266368483e+00
-9.584103933824524191e+00 -1.682208371861558049e+01 6.632770031609830141e+00
-8.608094771718036498e+00 -1.691749060452818298e+01 6.464270133943680996e+00
-9.853362936717593001e+00 -1.542842703379142932e+01 5.988944953767397550e+00
-8.598796575796814778e+00 -1.556943782361724082e+01 5.968616493550534585e+00
-1.092794774696394811e+01 -1.434036444066492422e+01 5.461594112632925047e+00
-7.608133344137698373e+00 -1.438774971967150940e+01 5.322012242090376155e+00
-9.384593951654707666e+00 -1.402434983803814816e+01 5.439855398752396987e+00
-9.299172981266080384e+00 -1.314420160789999237e+01 6.150992397185830463e+00
-1.031066889358969796e+01 -9.100900433854882010e+00 4.343771408252193211e+00
-8.748586268311436598e+00 -9.085700299569538174e+00 4.304884311198111213e+00
-1.155773841567399529e+01 -5.080485441892012233e+00 3.938070582416417498e+00
-7.138923547939517888e+00 -5.494292143173534981e+00 3.494443629379787808e+00
-9.338398679075250897e+00 -5.836657374033817902e+00 3.568660470756690906e+00
-9.305956393089662271e+00 -1.693969056264624840e+01 1.110961090138233942e+01
