-9.482328147284196262e+00 -2.481512941019486362e+01 1.008113380345789345e+01
-7.800869368536143433e+00 -2.256907244132139922e+01 9.482932200429866398e+00
-1.034136538427140195e+01 -2.267453611818964987e+01 9.712300906223580554e+00
-7.104801574269069775e+00 -1.901887528427137752e+01 1.076785762554890802e+01
-1.107982236937148990e+01 -1.860781249847779151e+01 1.085996582086671580e+01
-8.497188766542818072e+00 -1.695430603205296549e+01 1.155738742219042159e+01
-9.986707032946487317e+00 -1.675406680329244580e+01 1.156205402358674839e+01
-3.932249087950292932e+00 -1.638547663717652725e+01 7.718862246711960751e+00
-1.461093695048077201e+01 -1.620422638767791312e+01 7.791202094870854467e+00
-6.071756752343065777e+00 -1.415994473748020965e+01 1.109638014558590768e+01
-1.215354334027471772e+01 -1.385207218317317057e+01 1.132179962354951996e+01
-3.329174135571435933e+00 -1.263703994637008421e+01 6.416561805867034174e+00
-9.480719394907028530e+00 -1.029091839653148988e+01 1.176392667394211067e+01
-1.511987535432889906e+01 -1.272375092183651546e+01 6.768278698171021901e+00
-5.125021492832307679e+00 -6.488112747577829964e+00 8.938097843496564110e+00
-9.215523640877306022e+00 -6.684804549303562382e+00 1.099074320651139658e+01
-1.351548127156496726e+01 -6.708613500305703248e+00 9.159231998727129564e+00
-5.538208474851786356e+00 -5.158107390448928520e+00 8.027380258038583349e+00
-9.023947149148225932e+00 -4.003242197862413754e+00 9.744429915772323980e+00
-1.297366992653472551e+01 -5.294216399168054643e+00 8.552019344596768491e+00
-8.959388592463927381e+00 -2.727057459423321006e+00 6.357262550422346337e+00
-1.389432472008491892e+01 -7.104511283533539334e+00 5.572457300521387324e+00
-1.419381649650600608e+01 -1.021815053288056419e+01 8.433954951508262354e+00
-1.394369470049456083e+01 -9.924477988784603966e+00 6.695387407191964790e+00
-4.283701791034416395e+00 -7.058449484354094139e+00 5.203385576293870329e+00
-4.238155057277671389e+00 -1.020794588590052143e+01 8.141767765000487600e+00
-4.675991313889894307e+00 -1.008965935767686162e+01 6.368498431965377904e+00
-9.507897076045722429e+00 -2.450635003407802515e+01 7.498313577290898202e+00
-9.240191149323520037e+00 -2.306448924511833809e+01 6.990258318775107504e+00
-9.466789765752931629e+00 -2.234089606208277345e+01 7.017700780656092263e+00
-8.887047679428393465e+00 -2.233957301174707766e+01 6.931703280742580020e+00
-1.043430939582941086e+01 -2.075784675357080644e+01 6.920633006919024055e+00
-7.970903664563476099e+00 -2.020897534217451152e+01 6.891305370727226709e+00
-1.173892062761357025e+01 -1.865228341201318685e+01 6.848473906458931282e+00
-7.059010744746148092e+00 -1.879283615131691221e+01 6.518285659551047218e+00
-1.127312836889147540e+01 -1.783073278674692475e+01 6.545902600126677129e+00
-7.538266237314118712e+00 -1.807723903988027914e+01 6.380745185223220872e+00
-9.888824202386983231e+00 -1.720265295655955740e+01 6.625761069393759861e+00
-9.132015676549066541e+00 -1.728985816826071087e+01 6.513646756353214329e+00
-9.883987203103448138e+00 -1.519801549012028374e+01 5.827797662766046827e+00
-8.873117111819944114e+00 -1.543032739621445160e+01 5.804023848869237945e+00
-1.084585557291539892e+01 -1.424917633049824062e+01 5.501112245409902179e+00
-7.605034532441944606e+00 -1.434703225665666260e+01 5.461279971843676861e+00
-9.347636869676072990e+00 -1.367333977515722232e+01 5.007668100793472021e+00
-9.426479437878500178e+00 -1.289059868857929914e+01 5.967765736900519258e+00
-1.023783479927180018e+01 -9.453653952946639905e+00 4.353169610428706093e+00
-8.243395786783995760e+00 -9.151821932918409175e+00 4.396194164206167265e+00
-1.155824880847068847e+01 -5.633681771051190168e+00 3.914061411476831509e+00
-7.222985316682409618e+00 -5.721158557871786954e+00 3.750556330459287935e+00
-9.389323798901521911e+00 -6.281909769399385723e+00 3.667012903312585781e+00
-9.258752815654197832e+00 -1.650071343463884332e+01 1.095184060992020747e+01
