-9.176847346310568199e+00 -2.404060759612171694e+01 1.090564150516936515e+01
-7.675238906941192596e+00 -2.230273788301285975e+01 1.009114380776084907e+01
-1.076986201298628210e+01 -2.242402668404539057e+01 1.029383546047287545e+01
-7.046303255484259509e+00 -1.875802754823216034e+01 1.134129798236824627e+01
-1.148280296514102083e+01 -1.896108655938652987e+01 1.120114965324571088e+01
-8.630306956589929968e+00 -1.745943739777498394e+01 1.201430507574425732e+01
-1.015791459142865172e+01 -1.733547092837664039e+01 1.197794549822189936e+01
-3.724016581173721807e+00 -1.631598937845519615e+01 7.875413324488610201e+00
-1.473779198944014723e+01 -1.671294604552059226e+01 8.353532771774833776e+00
-6.354365108873117229e+00 -1.402677875093469417e+01 1.144906778367085209e+01
-1.220963770182583907e+01 -1.380856091892978732e+01 1.145270575228912868e+01
-3.143793830874622053e+00 -1.278023433803673470e+01 6.633637290754713867e+00
-9.077347690446547546e+00 -1.025952341844577909e+01 1.184450000195796449e+01
-1.524280368953611742e+01 -1.304380944882315774e+01 6.663885731749284780e+00
-4.555628193758860078e+00 -6.683133030378739292e+00 8.937116991998005133e+00
-9.528504457834674923e+00 -6.735065833844587679e+00 1.121595870321224453e+01
-1.388593087221064692e+01 -6.580404632745889160e+00 9.067252768490941861e+00
-5.007418077909799869e+00 -5.232882808328315427e+00 8.068481885316710844e+00
-9.369083775711160911e+00 -3.625276078574626304e+00 9.632676238317271711e+00
-1.328219949968021751e+01 -5.164727046376012431e+00 8.263295908703579329e+00
-9.532162766249063779e+00 -2.396954768215897591e+00 6.281305086878075983e+00
-1.431183078633215189e+01 -6.973841685044609662e+00 5.927011911910424757e+00
-1.446029149501404554e+01 -1.022105266914281962e+01 8.153933568026811685e+00
-1.404107819057651163e+01 -9.678955073240112839e+00 6.717183179290426409e+00
-4.023542352791726451e+00 -7.254596200225175373e+00 5.559578221590165903e+00
-3.992755659639713350e+00 -1.034308491966450205e+01 8.116819642513039668e+00
-4.497124908476779481e+00 -9.971257945093260133e+00 6.737744570287357959e+00
-9.358664499008428450e+00 -2.498659756959014189e+01 7.967078381953130339e+00
-9.258795316430843414e+00 -2.335133733318221516e+01 7.622117443568452444e+00
-9.549230936850237939e+00 -2.226547330464109820e+01 7.455954311090642328e+00
-8.942794965915254579e+00 -2.220881609370627885e+01 7.401613216884103785e+00
-1.077665348910610454e+01 -2.035729765238085065e+01 7.116277935738276383e+00
-7.661246969318960431e+00 -2.014022952774389452e+01 7.064103251465041922e+00
-1.188618186721244818e+01 -1.907607891403164757e+01 7.211589353139365777e+00
-6.357624750712659534e+00 -1.923185636570835300e+01 7.023091321134224074e+00
-1.142951229265738711e+01 -1.816757694987188643e+01 6.825028340695393325e+00
-6.870171197731499646e+00 -1.846203046879255183e+01 6.856331091972335479e+00
-9.657155644593009569e+00 -1.705792043675145209e+01 6.706436800967228606e+00
-8.669882274393399868e+00 -1.710765008517381958e+01 6.680456315923786192e+00
-9.791560813923396722e+00 -1.532049224137977994e+01 5.917651896597768690e+00
-8.615003202802805404e+00 -1.545916668950811257e+01 6.053029344749019991e+00
-1.109138360334832640e+01 -1.457795623131416818e+01 5.439200469994117881e+00
-7.552198083769164683e+00 -1.461846718734893358e+01 5.631065782553442922e+00
-9.239888678174716929e+00 -1.401696628804252853e+01 5.207025054382222962e+00
-9.253600155598062926e+00 -1.298670008984291080e+01 6.027053299899670868e+00
-1.010900982239121326e+01 -9.349673369494817976e+00 4.404605132992687189e+00
-8.389300330401550099e+00 -9.108310170302495123e+00 4.425206115303919496e+00
-1.180906829943040215e+01 -4.666879752000030024e+00 3.620774096896037353e+00
-6.771890426409595598e+00 -5.306042466071176023e+00 3.816569523310941570e+00
-9.151604892720524020e+00 -5.476872810109457035e+00 3.197178811457356495e+00
-9.455697717401656988e+00 -1.692016951415423520e+01 1.141006723362495734e+01
