-9.202133717585953221e+00 -2.467384113502349052e+01 8.956758018324006088e+00
-8.067958220679003034e+00 -2.239295936267068754e+01 9.539164002142319632e+00
-1.046521209689385046e+01 -2.246913122433381815e+01 9.191567706447681729e+00
-7.082020461233646813e+00 -1.891903287556601043e+01 1.085157191675079602e+01
-1.118555236270159803e+01 -1.815588218095831152e+01 1.096817174717960874e+01
-8.376568867620134640e+00 -1.721988392473007323e+01 1.185312385982710914e+01
-9.691188819171847157e+00 -1.692608241019730642e+01 1.178302421075051676e+01
-4.333313447754527203e+00 -1.638179215298340097e+01 7.706559755692791391e+00
-1.422856611107984293e+01 -1.625253671413626577e+01 8.011851143447744406e+00
-6.356123472083811343e+00 -1.346547580448790526e+01 1.126787151661991793e+01
-1.199813070327549980e+01 -1.364240615942768287e+01 1.116370392848507365e+01
-3.392100427058114764e+00 -1.286850307362104040e+01 6.670402416185741146e+00
-9.244360474185691956e+00 -1.081333370293079099e+01 1.182885517349593485e+01
-1.511840515852153999e+01 -1.260838996699221504e+01 7.004531591356721876e+00
-4.556883322946484682e+00 -7.073945236173006634e+00 8.780901662465002033e+00
-9.404408368890262437e+00 -6.517327011968263584e+00 1.067303297005445906e+01
-1.409301182380288964e+01 -7.183124092436290020e+00 8.829602185659940261e+00
-5.046258175028460080e+00 -5.507708698106843492e+00 7.697828331429866999e+00
-9.069930506279018090e+00 -4.190088654154649817e+00 9.389085904765572366e+00
-1.341284055649214757e+01 -5.613773843622543502e+00 8.262811591742398321e+00
-9.304186062175034522e+00 -3.047508185357382882e+00 5.796829619511820297e+00
-1.438998023123540726e+01 -7.310285077059148762e+00 5.716911134778905001e+00
-1.422329996754131010e+01 -9.902114089092890481e+00 8.875011497972792540e+00
-1.399736746385703157e+01 -9.732994831581962103e+00 7.156551164123035491e+00
-4.392139494186571014e+00 -7.130495306763952712e+00 5.476046569189950475e+00
-4.119502149018485326e+00 -1.000830588835985502e+01 8.102911894485499644e+00
-4.674707821523864659e+00 -1.016223488592606117e+01 6.571589845927932494e+00
-9.489329422488690824e+00 -2.411892062838906270e+01 6.683217274332456270e+00
-9.290208870624653059e+00 -2.258683171333147399e+01 6.695724316952986754e+00
-9.538884072452560758e+00 -2.178039514829272605e+01 6.685941640998620983e+00
-8.949588495016492118e+00 -2.179567431048940307e+01 6.602390689748203201e+00
-1.026708087206165843e+01 -2.000084269249465052e+01 6.319124721919472165e+00
-7.968243286954388438e+00 -1.987453272001202009e+01 6.347767984704443478e+00
-1.158942386363610666e+01 -1.879516551340637420e+01 6.583703548134740124e+00
-7.172135028612925289e+00 -1.862876243169869284e+01 6.228894845744144426e+00
-1.137873569370050397e+01 -1.793032868238991639e+01 6.527627667689802848e+00
-7.585033534103968300e+00 -1.777734278937961321e+01 6.335847323501294426e+00
-9.673928244154737399e+00 -1.717488094060486503e+01 6.750268901936404831e+00
-8.749335448424769623e+00 -1.691797316021664699e+01 6.708152112887013629e+00
-9.954720518238771021e+00 -1.561015510209468715e+01 6.253442207904400973e+00
-8.707941194859259326e+00 -1.549776895228534457e+01 6.238463656270866409e+00
-1.112738062420867280e+01 -1.438644688458883536e+01 5.813885995554768371e+00
-7.896451540285988280e+00 -1.439704017817275172e+01 5.648146034512189217e+00
-9.729122154780043275e+00 -1.416230577619807640e+01 5.670484967552738453e+00
-9.694058403503252208e+00 -1.313209636148482318e+01 6.427212968782162861e+00
-1.022344308132417723e+01 -9.488170125236106145e+00 4.726370589799616440e+00
-8.446142508215963574e+00 -9.567662878893504086e+00 4.732005076895994478e+00
-1.168162441986548039e+01 -5.856880191177145534e+00 3.814052445592081675e+00
-6.909486604901242224e+00 -5.978258343480328030e+00 3.538381318394764996e+00
-9.692898578050328950e+00 -6.464804154707167072e+00 3.635593144802444776e+00
-8.970778604920170096e+00 -1.664418077395740170e+01 1.128698192517097354e+01
