-9.241721933120430776e+00 -2.561828563506562872e+01 9.683896508395124059e+00
-7.937599795975798678e+00 -2.262658104917311519e+01 1.009129668684279579e+01
-1.006776253432508028e+01 -2.332996420066816512e+01 9.921942499308865848e+00
-7.061361386506462168e+00 -1.868519899904093151e+01 1.115111761306628502e+01
-1.126345340702687103e+01 -1.935512297157790940e+01 1.109826000018622238e+01
-8.371502670956747494e+00 -1.754469165826570887e+01 1.185123674631430646e+01
-9.731818545877970905e+00 -1.785781316987156586e+01 1.194221020873488470e+01
-3.910818912978325290e+00 -1.593419111784924347e+01 7.974724248928631631e+00
-1.441011288523714740e+01 -1.675132329349055027e+01 8.491895508420547856e+00
-6.864515508019171541e+00 -1.412950726845901350e+01 1.157680897065136350e+01
-1.167616780311300317e+01 -1.401286484654395537e+01 1.139442744581651823e+01
-3.517562235187768671e+00 -1.346146091624963503e+01 7.050494668572136803e+00
-9.096086955663295726e+00 -1.085019553671501669e+01 1.196325783107319651e+01
-1.497312287376374584e+01 -1.248355714666291050e+01 7.086212225839551238e+00
-4.922261879385841254e+00 -6.307036307027105160e+00 8.898705544080407037e+00
-9.676839059976684254e+00 -6.587449861961093944e+00 1.100879295143743164e+01
-1.368373465074107820e+01 -6.785021663340261355e+00 9.229517068607874464e+00
-5.302965777210919995e+00 -4.939510266850828835e+00 7.885928147700593804e+00
-9.297448698928132416e+00 -3.844308426286700886e+00 9.383820556863215145e+00
-1.311121009914396573e+01 -5.135178321047008332e+00 8.179975172807372630e+00
-9.404981302080342331e+00 -2.615113812702775764e+00 5.929326802706436972e+00
-1.412256159837654401e+01 -6.857294360268633149e+00 5.801615628811580549e+00
-1.408630725952764173e+01 -1.014792718075606714e+01 8.424519472287645527e+00
-1.375327512815914055e+01 -9.604599676996970814e+00 7.120360890596216130e+00
-4.348646481862378899e+00 -6.918144180355715989e+00 5.481916688990633446e+00
-4.208462307892650855e+00 -9.952649467605684919e+00 7.999532418765653574e+00
-4.921197209462046196e+00 -9.886921458161596732e+00 6.905920718189535457e+00
-9.040365061854586770e+00 -2.468802824772593496e+01 7.315868480509223559e+00
-9.190427324209506921e+00 -2.327784071086449558e+01 7.135803938315765649e+00
-9.616124393731425357e+00 -2.251792006464047802e+01 7.147031030045200239e+00
-8.971141077597575730e+00 -2.249875615149284158e+01 7.077377388406850045e+00
-1.054475942170490299e+01 -2.083488628944783017e+01 7.162578670563737759e+00
-7.916148642784333944e+00 -2.047302780671239120e+01 7.028939467504105032e+00
-1.160729017414556097e+01 -1.933812304707423380e+01 7.118491134307104673e+00
-6.899224812562209763e+00 -1.924971475002557852e+01 6.966331267835264462e+00
-1.124131178116403440e+01 -1.821795393917710015e+01 6.645820693189441464e+00
-7.253979859582229572e+00 -1.841638405682077817e+01 6.662372828391587731e+00
-9.493695179007584528e+00 -1.716171091408108040e+01 6.717021159881235270e+00
-8.509170909593061438e+00 -1.724231766532784604e+01 6.661386057056411403e+00
-9.524063767816677739e+00 -1.548297289804011712e+01 6.255591903789744279e+00
-8.316491538710366171e+00 -1.564138964525544395e+01 6.243330222821818154e+00
-1.077442571141146210e+01 -1.460977842289051765e+01 5.840447657018930983e+00
-7.534428842883975186e+00 -1.450718087346325014e+01 5.893469343095986801e+00
-9.057506985659935950e+00 -1.427636026816608883e+01 5.613202155230759161e+00
-9.101843434824015588e+00 -1.348105302240986170e+01 6.281306550166158686e+00
-1.035341207229170024e+01 -9.167949873294583440e+00 4.616722491298398623e+00
-8.414316183132065419e+00 -9.195268398617404415e+00 4.636008557845669564e+00
-1.182626733415044740e+01 -5.311670507815592579e+00 4.192657562059343590e+00
-6.995718374037536158e+00 -5.137428338679502104e+00 3.682957536866401149e+00
-9.221797257704677619e+00 -5.462831512259260336e+00 3.325140193105452724e+00
-9.297582157615092768e+00 -1.700299607029905502e+01 1.132527682195152607e+01
