-9.071285275479924692e+00 -2.491066166989410036e+01 9.754457060375749222e+00
-7.859083506943251862e+00 -2.260858754795134828e+01 9.590324115518148673e+00
-1.060364576541180703e+01 -2.294009333972062592e+01 9.574050697580140934e+00
-7.180991692966138373e+00 -1.877506451061157478e+01 1.099888684816896856e+01
-1.129389710471570751e+01 -1.884357237343073876e+01 1.079216918916405099e+01
-8.646607522088874731e+00 -1.772775442753604125e+01 1.173011481238789777e+01
-9.869042870277214163e+00 -1.768727032563736401e+01 1.169139341506930130e+01
-4.180950182377384472e+00 -1.621167038664984617e+01 7.827748916506732435e+00
-1.427489605927411453e+01 -1.637616734733867219e+01 8.254997856240590792e+00
-6.610928518972160717e+00 -1.422189170360286958e+01 1.124727794636433131e+01
-1.214526550116984005e+01 -1.356971105295526314e+01 1.115782861274597337e+01
-3.389180447597137213e+00 -1.311969405709305647e+01 6.752900194022243063e+00
-9.128048927743900975e+00 -1.039150450179453244e+01 1.158180166014523671e+01
-1.499313361503108766e+01 -1.298722301623146791e+01 6.684252791811310601e+00
-4.868211956630471349e+00 -6.417445020385208920e+00 8.824644291748231950e+00
-9.580775352061737138e+00 -6.897751082534266054e+00 1.086132893420927914e+01
-1.368447571523701534e+01 -7.313827498543909122e+00 9.408282752105780133e+00
-5.126925633836697749e+00 -5.310977246422599052e+00 8.265429635989772095e+00
-9.438607911621984314e+00 -3.967564420558064242e+00 9.458423076753108560e+00
-1.328260955301211332e+01 -5.752055621443789235e+00 8.402887332557932965e+00
-9.420273910953090635e+00 -2.963415845481116140e+00 6.059381273718735805e+00
-1.415835562501842659e+01 -7.288839012906001003e+00 5.389287545067624308e+00
-1.412398515611736727e+01 -1.069119952963523446e+01 8.461789884592130662e+00
-1.401150284901166287e+01 -9.966820199612985931e+00 7.066368932935463754e+00
-4.388354358930488530e+00 -7.533494551988152210e+00 5.830873069129590469e+00
-4.161933773510082979e+00 -1.064104661163640841e+01 8.236359954545561024e+00
-4.593077333827316089e+00 -1.025042389664211129e+01 6.741838764310208454e+00
-9.223888618173569753e+00 -2.444547078217272329e+01 7.219947496386953212e+00
-9.268004886980266477e+00 -2.295683677064603145e+01 7.091477933490753394e+00
-9.602478478390862549e+00 -2.217942967548147593e+01 7.018890138587539518e+00
-9.049291698100560666e+00 -2.211159312355598416e+01 7.019738330827284045e+00
-1.049256201394909205e+01 -2.055971480736944557e+01 6.783666219235771067e+00
-8.068007755929871294e+00 -2.041728995384048773e+01 6.903827672508189295e+00
-1.143400048633591481e+01 -1.933937689485391331e+01 6.976373588832725403e+00
-7.025530705165014211e+00 -1.932802693399330707e+01 7.061153429752227595e+00
-1.129460819869585819e+01 -1.833390211566504036e+01 6.639695408185339431e+00
-7.473375002778595011e+00 -1.834124560303421703e+01 6.672216067222406899e+00
-1.012664672689441048e+01 -1.745707759933800318e+01 6.821871977572779855e+00
-9.139043073190205035e+00 -1.739440821031829998e+01 6.717731820749817118e+00
-9.990356897711896167e+00 -1.561016297554643195e+01 6.241482718819790776e+00
-8.858229275224353216e+00 -1.584571030314359952e+01 6.221894503647000363e+00
-1.090630292901655807e+01 -1.439121592723027376e+01 5.745625352994934154e+00
-7.631790190741788216e+00 -1.452406109618358343e+01 5.553246341611442816e+00
-9.200859050802646877e+00 -1.385846002685038592e+01 5.467533387575796766e+00
-9.164395787004405491e+00 -1.268001496212384538e+01 5.886461366654659244e+00
-1.034831684416156961e+01 -9.230252559507738042e+00 4.575977624884217221e+00
-8.460590049881277608e+00 -9.154384686134172000e+00 4.634094719661350226e+00
-1.111187063349936999e+01 -5.786332076142651104e+00 3.577392236289573368e+00
-6.547560985022413682e+00 -5.583978002233381588e+00 3.636011183628103272e+00
-9.105715492305584746e+00 -6.037170069504584013e+00 3.734967811453430375e+00
-9.292635421671649354e+00 -1.715955013041250865e+01 1.117068012226294371e+01
