-9.322062612574269380e+00 -2.514366119385848108e+01 1.021967754813481299e+01
-7.760191930056010712e+00 -2.247307207429373577e+01 9.904465977776183649e+00
-1.012567232605828416e+01 -2.331792148213074967e+01 1.000521740911347379e+01
-6.980870707270779185e+00 -1.904609656881516599e+01 1.105463925223594579e+01
-1.152656149207456515e+01 -1.881236441867773834e+01 1.094173249988521945e+01
-8.108513350511287854e+00 -1.764999164269543286e+01 1.177486085803298899e+01
-9.775830458287956048e+00 -1.744544075654723869e+01 1.185080579273990864e+01
-3.953616266307863114e+00 -1.679737384115624721e+01 8.092995318254699200e+00
-1.458728269227069951e+01 -1.636927017420948260e+01 7.911682486042927565e+00
-6.194127525665502176e+00 -1.375751984005396444e+01 1.112000210476563744e+01
-1.196290293418846140e+01 -1.406590296905517512e+01 1.116783786441550319e+01
-3.151197742585439165e+00 -1.308685297114585566e+01 6.906680344347993383e+00
-9.477402449918361782e+00 -1.063191551328184659e+01 1.160327873346554561e+01
-1.544540658743599693e+01 -1.316560592914342998e+01 6.801919263278013439e+00
-4.511788407374335286e+00 -6.463021656117279967e+00 8.525152843409941283e+00
-9.373503192885230817e+00 -6.561814727561367633e+00 1.066553556254159929e+01
-1.410618150575647967e+01 -6.810295056665984781e+00 8.636744773094372718e+00
-5.173500482785661880e+00 -4.761633583978498230e+00 7.467729519656006509e+00
-8.884126609420199827e+00 -3.683960243296874104e+00 9.224541462634416433e+00
-1.338813941254448991e+01 -5.242518244957615536e+00 8.130985910403524031e+00
-9.170054272351292113e+00 -2.574642405571288872e+00 6.048996910660098258e+00
-1.431307076623405550e+01 -6.836364823313155981e+00 5.519245846302219149e+00
-1.443233975692244186e+01 -1.055649581233476297e+01 8.404366244799621910e+00
-1.395932285950080143e+01 -1.007568782060334023e+01 6.816171967600697101e+00
-4.146008807364797377e+00 -6.862374011905260751e+00 5.648198340515738991e+00
-4.002488267007843881e+00 -1.016631697914326615e+01 7.796015405351196748e+00
-4.705684395641095641e+00 -9.982080195870720374e+00 6.292228159660299802e+00
-9.267825236966960034e+00 -2.506239958269440393e+01 7.406749680221369481e+00
-9.325997648793663330e+00 -2.361806816094104633e+01 7.185165278639904507e+00
-9.618029934219897825e+00 -2.270453072166962372e+01 7.208289397164740819e+00
-9.047888634423784993e+00 -2.269633091679171244e+01 7.052832821248090411e+00
-1.043174507847681731e+01 -2.073374824610483813e+01 7.096223607875053574e+00
-8.024332505650075831e+00 -2.029685649530119562e+01 6.702679202298828187e+00
-1.163680902473816481e+01 -1.952656470748056705e+01 7.048434545078370306e+00
-6.825214989517824904e+00 -1.934414616574206747e+01 6.605567587428760490e+00
-1.129542682989564106e+01 -1.841600299593142509e+01 6.571932297102655696e+00
-7.255099528143105658e+00 -1.842394751385816676e+01 6.547836505359104109e+00
-9.827888427495398815e+00 -1.693913928566663074e+01 6.644485721459560068e+00
-8.838497959226273792e+00 -1.694938838885526167e+01 6.645504184495064415e+00
-9.890056788447179059e+00 -1.573121324189988357e+01 5.935343287009337665e+00
-8.524270490633069741e+00 -1.578723774789741086e+01 6.024963997538896443e+00
-1.112318626886740880e+01 -1.471575949078412471e+01 5.597920675565744020e+00
-7.292678077640418088e+00 -1.431449178704983183e+01 5.572507941875438853e+00
-9.140016142972735125e+00 -1.404706526800268129e+01 5.304253927482304398e+00
-9.335902498734613530e+00 -1.307326815636810657e+01 6.133210720151106798e+00
-9.907691968341213240e+00 -9.006534352397354226e+00 4.425234619633513944e+00
-8.307003930069235764e+00 -9.160340203831465189e+00 4.450059380971032041e+00
-1.159302333329141987e+01 -4.979901515564307601e+00 3.643874035034105230e+00
-6.623300886853849434e+00 -4.977141637221639492e+00 3.828674657443387197e+00
-8.988753291981375071e+00 -5.484701432773148255e+00 3.441651593438052714e+00
-8.892172601007359845e+00 -1.711923290821157906e+01 1.145280524557933433e+01
