-9.186851557521048761e+00 -2.528239147166119949e+01 1.015868257045902290e+01
-7.837746328470799995e+00 -2.250339692479336406e+01 9.854681909337852375e+00
-1.019619348015327809e+01 -2.313346355647235697e+01 1.019343479177965150e+01
-6.709992272058754814e+00 -1.908154788536704416e+01 1.095332002747439049e+01
-1.130709926600070858e+01 -1.903947057238925566e+01 1.130617949281753631e+01
-8.342960992795187991e+00 -1.807557619359836210e+01 1.186050208248119375e+01
-9.953621451413418697e+00 -1.777351263213914123e+01 1.178997492887691223e+01
-4.007977165414208010e+00 -1.625824551792730333e+01 7.830895223257146931e+00
-1.459317357205175547e+01 -1.647614732533518378e+01 8.247724385629570776e+00
-6.509200217193850335e+00 -1.352761259861020982e+01 1.132676799171832904e+01
-1.191093457323124483e+01 -1.386210939931564212e+01 1.153824509930576525e+01
-3.171921023690639885e+00 -1.265568637333952218e+01 6.675660979893080160e+00
-9.128274129807261161e+00 -1.074464256836933451e+01 1.157684964673023842e+01
-1.545390143135999672e+01 -1.271291194668250313e+01 6.954712679942097076e+00
-4.445429609954357097e+00 -6.722615548992783019e+00 8.334637213894080077e+00
-9.592364571003567875e+00 -6.535259763044033221e+00 1.065182558544269398e+01
-1.355103920761942504e+01 -6.605036576317060870e+00 9.232631609117097682e+00
-4.911491342239173719e+00 -5.313338164534897601e+00 7.651553475954310457e+00
-9.349084494203321327e+00 -3.795516886700740056e+00 9.276330207967273367e+00
-1.280377605767258942e+01 -5.079367571354667099e+00 8.393895393370126357e+00
-8.879582124484269201e+00 -2.653017071482785649e+00 5.952848469531494935e+00
-1.420463405472989393e+01 -6.849804990808174843e+00 5.848896349565164243e+00
-1.474136420404147252e+01 -1.069597718022117050e+01 8.231197307613026481e+00
-1.412617060244999934e+01 -9.948153347812768388e+00 6.915783546781069546e+00
-4.370616744405307230e+00 -7.112761192435419488e+00 5.589872989109113455e+00
-3.882368470909541625e+00 -1.012291831719226742e+01 8.449980466691465963e+00
-4.301805057974812385e+00 -9.957705589902372978e+00 6.988014478214068070e+00
-9.525023145019547499e+00 -2.474573427944062232e+01 7.832806157123306079e+00
-9.373326066874893669e+00 -2.304134793150674199e+01 7.146541648098978960e+00
-9.611023003392700659e+00 -2.209024515933046118e+01 6.964126087955817113e+00
-8.964283010420347253e+00 -2.207438360682181866e+01 7.004963614085336410e+00
-1.049629176287423959e+01 -2.015188194317823900e+01 6.824895535057714291e+00
-7.895311384758755935e+00 -2.013741414894814952e+01 7.016079634790434838e+00
-1.155404012131391767e+01 -1.880240632942934909e+01 6.910451797178700062e+00
-6.818874094695732246e+00 -1.899982610007752726e+01 6.728912694177921594e+00
-1.112119631941416742e+01 -1.807814337314135855e+01 6.705786855518068634e+00
-7.415438531251561827e+00 -1.820490643321278057e+01 6.437781170469085268e+00
-9.886986977320109560e+00 -1.717949322452432526e+01 7.137271381052652686e+00
-9.052490848182030092e+00 -1.718850510590587888e+01 6.919474261978025176e+00
-9.978927447344599244e+00 -1.547606268852639921e+01 6.318105512136677149e+00
-8.804221872259883952e+00 -1.568353095079680770e+01 6.359754022939904772e+00
-1.109844898725628326e+01 -1.449138772551915721e+01 5.868549512066843832e+00
-7.724703661951846101e+00 -1.475558474168072465e+01 5.854545057627842830e+00
-9.339153357129591271e+00 -1.423226308948267516e+01 5.604682565343044764e+00
-9.351271855423268775e+00 -1.313579025361234009e+01 6.306189355645686945e+00
-1.021943896354557424e+01 -9.502429726461766535e+00 4.510005063827756011e+00
-8.576110016472483721e+00 -9.245505804127081007e+00 4.514882252991085920e+00
-1.162648417204126083e+01 -5.136421245494604548e+00 4.057481557851442489e+00
-7.059215005655683939e+00 -5.433163365147104074e+00 3.634053311902550210e+00
-9.295875790511615833e+00 -5.672097723479458509e+00 3.407137370559554235e+00
-9.048608825383015031e+00 -1.742825753056224869e+01 1.141351961215686117e+01
