-9.333249772914186337e+00 -2.520836545637312653e+01 9.918562148398990530e+00
-7.651575457340847208e+00 -2.240466034543728924e+01 9.789905289385909981e+00
-1.037364667765784354e+01 -2.278911589427490370e+01 1.001186427255260192e+01
-7.257322062992545675e+00 -1.871943622449310851e+01 1.133196417772640707e+01
-1.115163808964245895e+01 -1.896727427576607283e+01 1.097348702639149920e+01
-8.372486142965824385e+00 -1.743410846915391232e+01 1.180574245587044580e+01
-9.682843135118057276e+00 -1.756122613121239340e+01 1.190282298702297226e+01
-3.925159966922983745e+00 -1.625329335723430546e+01 7.817408871294271755e+00
-1.466583516439302848e+01 -1.637419063822883203e+01 8.009485177919133392e+00
-6.749098562850831762e+00 -1.388416703259404095e+01 1.146212138222548660e+01
-1.191224637514758555e+01 -1.380174979991355322e+01 1.127101823755922894e+01
-3.225070064465407338e+00 -1.256304944125026068e+01 6.712352498684216684e+00
-9.216618131665269331e+00 -1.049223140218788508e+01 1.152296578053654130e+01
-1.533022732348275596e+01 -1.298005928493945760e+01 6.979953998432129936e+00
-4.718008256629772745e+00 -6.286250052763278973e+00 8.570294171735787003e+00
-9.157113107288306963e+00 -6.714827441098002225e+00 1.072027494246184531e+01
-1.380356502967179289e+01 -7.109172969744728121e+00 9.186172849469807389e+00
-5.182717890707657205e+00 -5.176828280105670643e+00 7.938526266760871586e+00
-9.448546511374903645e+00 -3.780562465404126993e+00 9.577234339955673192e+00
-1.292237945783372055e+01 -5.051039882890351329e+00 8.166414160328109517e+00
-8.905854524662581539e+00 -2.669296296843125749e+00 6.577969577857260219e+00
-1.409067518627813342e+01 -6.933427641215693882e+00 5.767674906783044619e+00
-1.426117546119702872e+01 -1.051278010651514982e+01 8.011699747892196299e+00
-1.388769369291899380e+01 -9.901281593786567470e+00 6.671447920284069077e+00
-4.342737721596019895e+00 -7.406590910491567037e+00 5.528634267921826329e+00
-4.124943506992675424e+00 -1.002559236141553534e+01 7.991499442120152175e+00
-4.532110005659335528e+00 -1.001946609175336533e+01 6.745682469076271559e+00
-9.212646210744804165e+00 -2.496849996664065330e+01 7.197438113849615959e+00
-9.214681709755989658e+00 -2.319210028149838010e+01 7.221705669591523602e+00
-9.616004741818720447e+00 -2.216723256354858052e+01 7.144797582711620798e+00
-8.925736081246554932e+00 -2.220854277522288811e+01 7.236127950763842520e+00
-1.033850804456616146e+01 -2.021137861623124010e+01 6.891143873336180725e+00
-7.969358826915239113e+00 -2.022735464576273046e+01 6.939235521983643906e+00
-1.142725992276466229e+01 -1.885379158013749645e+01 6.962909011743200871e+00
-6.953927193769358972e+00 -1.900142239767339802e+01 6.687109864037436679e+00
-1.115294845004809865e+01 -1.795072195962498895e+01 6.581407136840521588e+00
-7.450918688129755552e+00 -1.816431440226243765e+01 6.572379438585111089e+00
-9.794515101085371711e+00 -1.701185019381614083e+01 6.807749402298607144e+00
-8.933443469294417127e+00 -1.708158650949209800e+01 6.863168398216464183e+00
-9.926835345094900731e+00 -1.534242453796818850e+01 5.932323525309322498e+00
-8.669745660811251753e+00 -1.566187627780181124e+01 6.213161684029305576e+00
-1.120747564928562845e+01 -1.435406959079076827e+01 5.403926890062937360e+00
-7.618098837232226472e+00 -1.462012255731055888e+01 5.682120890259615642e+00
-9.421179290932307993e+00 -1.404059534968192580e+01 5.282869522597831491e+00
-9.573020828514536618e+00 -1.294872761924525051e+01 6.052333571995795580e+00
-9.987052907414280867e+00 -8.932108768862081050e+00 4.583044533113339369e+00
-8.487398641403423483e+00 -9.118758745266998034e+00 4.490187187361857291e+00
-1.162533899986713593e+01 -5.148604665230739563e+00 3.866063085389333853e+00
-6.477022294595365715e+00 -5.148098340031014075e+00 3.931073844635137871e+00
-9.080455232603545923e+00 -5.616948012113684996e+00 3.466720269242439922e+00
-9.254149615634531756e+00 -1.673036908832661496e+01 1.117150124054671778e+01
