-9.102573917421752370e+00 -2.294076448434040216e+01 9.844457995612856394e+00
-8.376357176903688639e+00 -2.115811621646806984e+01 9.602657198970156571e+00
-1.019681514729649763e+01 -2.139304912452483620e+01 9.409476224228727759e+00
-7.613066842281972058e+00 -1.812812416825202533e+01 1.081789719958021578e+01
-1.076955080869438675e+01 -1.821320531924553521e+01 1.068720897317002283e+01
-8.531836400008739218e+00 -1.676672644109291355e+01 1.120115541525967728e+01
-9.629692163826426565e+00 -1.680155395312530686e+01 1.123450455958491112e+01
-4.451812903365365059e+00 -1.588134454881353719e+01 7.348814146955466420e+00
-1.402119786291405035e+01 -1.614648363672062104e+01 7.859036809226150666e+00
-6.491910235517971195e+00 -1.345232128243293701e+01 1.081424114022311933e+01
-1.184964350471704009e+01 -1.354485166160632836e+01 1.083189434996793565e+01
-3.706598158370185914e+00 -1.256519832030790695e+01 6.392994870122665318e+00
-9.364881554168423605e+00 -1.039205164688859995e+01 1.118723183415023215e+01
-1.478821996771517178e+01 -1.303956918020034905e+01 7.035791230785653383e+00
-5.446138715485794535e+00 -7.029226926955564281e+00 8.892004315422658678e+00
-9.666361899698735272e+00 -6.982050231699119536e+00 1.037857638610792144e+01
-1.333382605388097097e+01 -7.492818650269492231e+00 8.965918805485081577e+00
-5.543986057145280810e+00 -6.023355130357003873e+00 8.344165688157190175e+00
-8.980828680407388021e+00 -4.565089980975624684e+00 9.475834519388945054e+00
-1.275187142845247834e+01 -6.015385731129667235e+00 8.415675841909404653e+00
-9.311015413026396459e+00 -3.864833413124305839e+00 6.688375953783894268e+00
-1.385959636552519392e+01 -7.552677949358695741e+00 6.446472416999236899e+00
-1.391114704704853366e+01 -1.042720172429212333e+01 8.398604984633124104e+00
-1.370442238818058911e+01 -1.026783092291132782e+01 7.290528050687747452e+00
-4.736586199009762410e+00 -7.673089709602241903e+00 5.996736150652129282e+00
-4.426170761943734711e+00 -1.060860459148496560e+01 8.500760937325882338e+00
-4.652108962980825879e+00 -1.042228773621491200e+01 7.159970769703321913e+00
-9.079334753269675318e+00 -2.288330355065810551e+01 7.466035592847885205e+00
-9.022655990730495290e+00 -2.143870114914689751e+01 7.215547614125961573e+00
-9.165909469839874646e+00 -2.082363336534970344e+01 7.048827253163078232e+00
-8.716174843303480912e+00 -2.082714325564917601e+01 7.031043138923601887e+00
-1.004621023871647267e+01 -1.929311264662852565e+01 6.775418187836747208e+00
-7.942350898352091626e+00 -1.906998004347155629e+01 6.855753079619733015e+00
-1.140886659508458223e+01 -1.789757780216205774e+01 6.753339384381543908e+00
-7.043345663529029466e+00 -1.797184457346271103e+01 6.842621386867724809e+00
-1.096653701113309864e+01 -1.711347318781568561e+01 6.428479877189110070e+00
-7.476185998720075609e+00 -1.736279422288614072e+01 6.540625925410720853e+00
-9.756139876672524025e+00 -1.631930382191954365e+01 6.543232779837564905e+00
-8.924311937453335730e+00 -1.649654279277318025e+01 6.495055068441093482e+00
-9.872437690458216508e+00 -1.494221131702334304e+01 6.195532815371370461e+00
-8.658838118820646912e+00 -1.541466765762890390e+01 6.224917157388056843e+00
-1.080798727236305723e+01 -1.391115826977489256e+01 5.842633898977854123e+00
-7.493360244033715922e+00 -1.415461068890965102e+01 5.744626244856138264e+00
-9.146739198074040900e+00 -1.353811901910335180e+01 5.659535663755960400e+00
-9.606623877148701141e+00 -1.269843062850197057e+01 6.049129257080005928e+00
-9.981381362907761456e+00 -9.172563887162104024e+00 4.993025679796637029e+00
-8.187793473689513490e+00 -9.235272034466118996e+00 4.919520594838679983e+00
-1.156928192865456140e+01 -6.326768024849758199e+00 4.782907012040908512e+00
-6.994795079702797125e+00 -6.616257410278795881e+00 4.247029086100352124e+00
-9.224540330912049058e+00 -6.873140355503717380e+00 4.226126422155483731e+00
-9.022450013108388234e+00 -1.645565909645475244e+01 1.066183061971495682e+01
