-9.433115346629449505e+00 -2.524889198441344718e+01 9.810439518573332407e+00
-7.906901444987532557e+00 -2.269701561892896180e+01 9.832184412230823511e+00
-1.029055167765735845e+01 -2.356440834298901876e+01 9.565022596812010391e+00
-7.099717705788829214e+00 -1.919970460617868824e+01 1.112160186144365781e+01
-1.121715669556796335e+01 -1.908645248610773137e+01 1.089263332141414864e+01
-8.506668539780749327e+00 -1.733183506500948212e+01 1.179301329095888740e+01
-9.758297422873914329e+00 -1.747502487449199293e+01 1.177198826121687958e+01
-4.070284624060275469e+00 -1.645461928913017857e+01 7.955953922282153812e+00
-1.423440013249996383e+01 -1.684807125940761452e+01 8.486387250248130343e+00
-6.646256688004269719e+00 -1.390056231174944834e+01 1.124060446051023909e+01
-1.182941926041788605e+01 -1.356028455576532465e+01 1.136010236643807580e+01
-3.339550646658448585e+00 -1.309071597400002496e+01 6.792405470296522196e+00
-8.602495415313029525e+00 -1.068386104953576599e+01 1.159840580896424278e+01
-1.497571467418729085e+01 -1.342357231725102906e+01 7.057681285093430290e+00
-4.849690186179148377e+00 -6.349034843889079127e+00 8.796453555322070628e+00
-9.209468823255043901e+00 -6.644532903901763987e+00 1.070067766158812539e+01
-1.358753616158529098e+01 -6.854268409667211515e+00 9.200875053816826465e+00
-5.340150977845717684e+00 -4.949507311291510447e+00 7.892075556806233294e+00
-9.211321718479423382e+00 -3.886070204868546707e+00 9.492051462626095670e+00
-1.287068572316749382e+01 -4.833360259581239937e+00 8.170040058039425901e+00
-9.336111358860106790e+00 -2.655377849919416278e+00 6.092743668597666584e+00
-1.413340636768542602e+01 -7.089138147488333708e+00 5.700893627306529154e+00
-1.433821235005012973e+01 -1.018015620461229531e+01 8.218865243974113000e+00
-1.385488980993585351e+01 -1.005011471974647819e+01 7.001327704531485452e+00
-4.267892177255065533e+00 -6.830641753483247314e+00 5.641695322664364909e+00
-4.169731831324520854e+00 -1.038301598328509634e+01 8.352906672570497904e+00
-4.623320988599925130e+00 -1.019133734875595643e+01 6.856194669983247003e+00
-9.337343250194257038e+00 -2.489070646997156189e+01 7.036384848605847786e+00
-9.019001999258094315e+00 -2.343362091942819347e+01 6.863435923389275217e+00
-9.247311081294141033e+00 -2.260550365165355657e+01 6.905422928624896706e+00
-8.692974166585598184e+00 -2.259117722067592737e+01 6.904564567005397002e+00
-1.035542873680441289e+01 -2.087805789808452417e+01 7.096277037735045923e+00
-7.919957814043100619e+00 -2.047253147212093438e+01 6.854165325089885741e+00
-1.154978029011374652e+01 -1.939188963186337133e+01 7.143414210551877197e+00
-6.927877424695707553e+00 -1.915861033658558554e+01 6.544410933613352910e+00
-1.110849989224401035e+01 -1.846674257348299619e+01 6.860752711858433273e+00
-7.269907977677700472e+00 -1.832409745821728819e+01 6.396957833202664645e+00
-9.507039156488952258e+00 -1.765036731360628153e+01 6.914318104129276499e+00
-8.727134196240594832e+00 -1.770576970662813210e+01 6.761676236779390337e+00
-9.527146799256536625e+00 -1.572907387620868391e+01 6.233092569741025102e+00
-8.575200582899189072e+00 -1.596593573022939161e+01 6.286093562654346378e+00
-1.075919081140330746e+01 -1.461962387878409153e+01 5.708150486631335063e+00
-7.604586285369725474e+00 -1.463840184925449250e+01 5.770312351370797010e+00
-9.188204896991193138e+00 -1.415369073661778643e+01 5.386957509819445100e+00
-9.257596446237027266e+00 -1.301641348906857942e+01 5.967953980370499067e+00
-1.018000819029517423e+01 -9.473470775467159655e+00 4.561592342824509316e+00
-8.241348526599026059e+00 -9.412962093570026667e+00 4.631347021934376862e+00
-1.186187966656306081e+01 -5.219126380442693502e+00 4.069296826590825589e+00
-6.651070993807090659e+00 -5.480904686801086889e+00 3.880862535905499122e+00
-9.365012890451977157e+00 -6.001456764868312810e+00 3.505709364671683481e+00
-9.311833409719765697e+00 -1.686773685630131325e+01 1.115058659458302337e+01
