-9.034027256632974456e+00 -2.461137341035868431e+01 9.857520427805319230e+00
-7.871870119585892667e+00 -2.224174433170510667e+01 9.727244283036750261e+00
-1.037428921583325092e+01 -2.226620658079937343e+01 1.013088104090254227e+01
-7.100360289017831228e+00 -1.841225803526266702e+01 1.112156869673272830e+01
-1.118557824947538570e+01 -1.883538577750923082e+01 1.078233841636441959e+01
-8.711832019064845056e+00 -1.709923004156571835e+01 1.153425662282320907e+01
-1.010420366735389841e+01 -1.708542893046391242e+01 1.161170742777392029e+01
-4.101832912601424574e+00 -1.605902957822227606e+01 7.486204804832329529e+00
-1.427589755871108501e+01 -1.645563178110042202e+01 7.745993228470196001e+00
-6.584855574888011098e+00 -1.415391849325200724e+01 1.126670601218822476e+01
-1.168804822743239846e+01 -1.404385189226121611e+01 1.134715164100097162e+01
-3.571258705980797643e+00 -1.333561845654322831e+01 6.697448506778986399e+00
-8.961408381932537637e+00 -1.057401821543462184e+01 1.161826462850451591e+01
-1.507315093821601160e+01 -1.270039006315150587e+01 6.677067297303439730e+00
-5.065152467876566256e+00 -5.975561353379499785e+00 8.504551576575421379e+00
-8.992622704001529854e+00 -6.695299851094913990e+00 1.077285647572331939e+01
-1.353533821800397519e+01 -6.727597731144310700e+00 8.843970644208837939e+00
-5.360229002284259359e+00 -5.128066882192966247e+00 7.800660331742898634e+00
-9.335488658957352470e+00 -3.730833089330338304e+00 9.354755381843675721e+00
-1.286405993817095528e+01 -5.297507970436106106e+00 8.137304341794557416e+00
-8.802110345205052866e+00 -2.946591634685510108e+00 6.324490624016724460e+00
-1.407442849721630296e+01 -7.509793953190842863e+00 6.009231979935099055e+00
-1.405912253026651904e+01 -1.031099549451851871e+01 8.642225105037885768e+00
-1.384685817552558262e+01 -9.959114238829251065e+00 6.878573382407282111e+00
-4.440464437730436309e+00 -7.411692810977889678e+00 5.700553923966937830e+00
-4.110929932264665965e+00 -1.008748813047297155e+01 8.191348906616303438e+00
-4.611295170571828805e+00 -1.018509210875077109e+01 6.979074443612659273e+00
-9.726578953836698460e+00 -2.425883076741890676e+01 7.479081165042311241e+00
-9.662275754232373615e+00 -2.246580840660976364e+01 7.074576754328854022e+00
-9.758952336060630728e+00 -2.172997874241424299e+01 6.928218996940988639e+00
-9.209858868874796656e+00 -2.177639568477190224e+01 6.833462623560000893e+00
-1.033152462786278392e+01 -2.022277726661203801e+01 6.804608328788865457e+00
-8.176001580765277055e+00 -2.000544454594245281e+01 6.617373710163081846e+00
-1.150281658372216498e+01 -1.902581683127013434e+01 7.027101603181267642e+00
-7.046267733261339927e+00 -1.917279906232207054e+01 6.878208148046121018e+00
-1.109361711831202868e+01 -1.804080027134175879e+01 6.811774875900360904e+00
-7.479588804303059391e+00 -1.848660436078007407e+01 6.671372471534597892e+00
-9.348640846083604572e+00 -1.716596593411986760e+01 6.688743529565179813e+00
-8.582520520277398646e+00 -1.742429033534750715e+01 6.539001194776645320e+00
-9.730058352882554829e+00 -1.523776945172906316e+01 5.985881232367445293e+00
-8.534102721200694575e+00 -1.575597906699119299e+01 5.970018122973534958e+00
-1.104619856055511029e+01 -1.414451888835285587e+01 5.747449569079627452e+00
-7.630632745397017302e+00 -1.452324778208753742e+01 5.539356471474008892e+00
-9.358643545778353001e+00 -1.388703376970059189e+01 5.233812474185642216e+00
-9.183934117530075270e+00 -1.288574777455778175e+01 5.957657913985660691e+00
-1.023710091187559712e+01 -9.258410183628591028e+00 4.565713704851722454e+00
-8.495092841349720203e+00 -9.562232041313452058e+00 4.522500390638042767e+00
-1.170113077022749160e+01 -5.234846925265621564e+00 3.894951923181409814e+00
-7.290635319165892803e+00 -5.683485770017277616e+00 3.767894141977361500e+00
-9.635033440068966115e+00 -5.800838136002258949e+00 3.641475806066436061e+00
-9.408280486277870835e+00 -1.662708751506559679e+01 1.098143082052175323e+01
