-9.083406526716309770e+00 -2.441909823420022363e+01 9.881987970671309185e+00
-7.854324307375651237e+00 -2.194060526810133993e+01 9.546976922992957526e+00
-1.018756920138564404e+01 -2.281876463702369762e+01 9.494845242005222730e+00
-7.059703714816461861e+00 -1.879425890620002093e+01 1.054464705870932306e+01
-1.115293362215727413e+01 -1.859254207196737241e+01 1.101957467879310038e+01
-8.557574850729453786e+00 -1.708499466802656741e+01 1.179492036878384376e+01
-9.733866445617465502e+00 -1.696780779279023577e+01 1.181329099872483113e+01
-4.006808206093745106e+00 -1.623788713823690699e+01 7.860267544735496159e+00
-1.459270601892652763e+01 -1.588603370405658666e+01 7.696023269071568862e+00
-6.455665997720887894e+00 -1.398009295653418960e+01 1.122646625293023881e+01
-1.227899814883219065e+01 -1.403873121971542304e+01 1.131553890030262366e+01
-3.503842857468780991e+00 -1.317099730554200931e+01 6.585848942199478806e+00
-9.073255890449850369e+00 -1.033136638754544023e+01 1.174570134035587188e+01
-1.505759859370845710e+01 -1.273937855948561371e+01 6.584202221898740603e+00
-5.032663352177494609e+00 -5.996501318707492700e+00 8.614105615905691238e+00
-9.066049243993965945e+00 -6.736660829357778546e+00 1.097951160121078118e+01
-1.391017286930505747e+01 -7.081730624930157703e+00 9.065608340108250118e+00
-5.467293733652709875e+00 -4.822228707952780802e+00 7.852261122828478435e+00
-9.261619388648751894e+00 -4.215262814591361540e+00 9.657183563545210347e+00
-1.335649711494827585e+01 -5.622298388700665228e+00 8.217287226962429969e+00
-9.032226964634038069e+00 -2.724836791654633217e+00 5.990251755620793261e+00
-1.414885369282786520e+01 -6.999807374063964360e+00 5.835150395994235240e+00
-1.438838918535239131e+01 -1.015844823518525253e+01 8.367428454271264471e+00
-1.415769923673373398e+01 -9.608029334507385499e+00 6.946111426961495638e+00
-4.497396841212522034e+00 -7.041048783785492482e+00 5.345760075777302944e+00
-4.044123801957242748e+00 -1.004740340086494754e+01 8.329093513918454761e+00
-4.555557966256622571e+00 -1.016054855395222845e+01 6.805621233475116938e+00
-9.289062983701706244e+00 -2.427162774868449802e+01 7.359843380165552951e+00
-9.075582020400720040e+00 -2.257213348132288999e+01 6.753341868022904926e+00
-9.381086329894417375e+00 -2.174637466645714312e+01 6.759092740700404889e+00
-8.778712294090055934e+00 -2.184375047607143827e+01 6.736883098193629849e+00
-1.037597400125858016e+01 -1.999726269953931279e+01 6.755458538452383976e+00
-7.986526382535226176e+00 -2.020579926205694576e+01 6.792488002499062816e+00
-1.154671663762415257e+01 -1.889678788405374377e+01 6.707057501768522556e+00
-7.033368863409528160e+00 -1.902383908275843538e+01 6.807659684749205020e+00
-1.123080453299282055e+01 -1.798001258252555701e+01 6.364590792029676258e+00
-7.447422226423348945e+00 -1.801204940861903481e+01 6.617841491177704150e+00
-9.797921398631467937e+00 -1.703445401604477993e+01 6.506416201609947159e+00
-8.956750692872564201e+00 -1.685475557305101546e+01 6.513205745734740759e+00
-9.867127115980601104e+00 -1.525408752836491466e+01 6.060279178719086168e+00
-8.851270182762783989e+00 -1.523882261880287459e+01 6.077018667845395683e+00
-1.093015609163961521e+01 -1.432584062724410678e+01 5.444923497540653301e+00
-7.804033734609026496e+00 -1.422600046324824064e+01 5.452092587130730195e+00
-9.399788011093409779e+00 -1.360845274519267711e+01 5.235001777066621287e+00
-9.389240461441090702e+00 -1.278203132616967608e+01 6.003690901820415426e+00
-1.010980116273497131e+01 -9.125445135743845526e+00 4.565482253420473313e+00
-8.346175145709466392e+00 -9.330160395386910110e+00 4.568019820181728363e+00
-1.180213121097902373e+01 -5.608308855659394965e+00 3.785430673444974303e+00
-7.005455660997367495e+00 -5.577749319105839376e+00 3.710371951759038112e+00
-9.298059546152853017e+00 -5.809341588367821885e+00 3.343769284441998835e+00
-9.240450238624344337e+00 -1.649462287034174679e+01 1.134289668600893108e+01
