-9.165282571675655632e+00 -2.405032483857336345e+01 9.930998735543798972e+00
-8.131017164464035218e+00 -2.218529637677101718e+01 9.570101943761953223e+00
-1.028715728387507333e+01 -2.204535354146052484e+01 9.835585096900139490e+00
-7.106165627355855108e+00 -1.842075857544191919e+01 1.059267603510915912e+01
-1.136880146229082023e+01 -1.849112834173339692e+01 1.077328833576889622e+01
-8.529274887596827170e+00 -1.690327836261753447e+01 1.135007848035024480e+01
-9.965306846754700132e+00 -1.714778948799741798e+01 1.138849680725176228e+01
-4.353097782445612296e+00 -1.613487468632865784e+01 7.687114501896111562e+00
-1.422351128825060584e+01 -1.618353403508866606e+01 7.816410517348572284e+00
-6.715514325680703500e+00 -1.373142858130471922e+01 1.111693922991722339e+01
-1.160902970862096417e+01 -1.393897020754963201e+01 1.110030687005369465e+01
-3.760308106672276995e+00 -1.302704476701387470e+01 6.696134330009336111e+00
-9.158026192167987745e+00 -1.041175320593368170e+01 1.128801252113457032e+01
-1.471346940219733312e+01 -1.283588603410782980e+01 6.946218277353782611e+00
-5.013663667371310417e+00 -7.093830810817485677e+00 8.741925072061995650e+00
-9.309452889935146302e+00 -6.891292262964658910e+00 1.050327565436746369e+01
-1.322307349513063102e+01 -7.178494291198197708e+00 9.201342305570502589e+00
-5.400079123133792791e+00 -5.910207425174171192e+00 8.170947458599250979e+00
-9.221775219128385714e+00 -4.462316761730113157e+00 9.536378388305417175e+00
-1.269942982251169106e+01 -5.660450594603645413e+00 8.178709495074109270e+00
-9.249688620692531060e+00 -3.520354588862349754e+00 6.684320887188994753e+00
-1.378145462043063141e+01 -7.439284745707012370e+00 6.397451624901425049e+00
-1.387423403982711534e+01 -1.035228553093116943e+01 8.321262724023709367e+00
-1.355604097171676514e+01 -1.013810599430401460e+01 7.273155842509075875e+00
-4.805403527120530427e+00 -7.530041945429513994e+00 6.050031440807187799e+00
-4.538415511677216685e+00 -1.026234014412975171e+01 8.056754623496861001e+00
-5.124195508288166501e+00 -1.023511495657002257e+01 6.787579732855157033e+00
-9.115061236435296976e+00 -2.357013420864339892e+01 7.455491223867651840e+00
-9.175466795608954840e+00 -2.222680864234575182e+01 7.592164317527024586e+00
-9.467599074608713750e+00 -2.158246087358487131e+01 7.666932685010839243e+00
-8.897391209854722760e+00 -2.153170772732280724e+01 7.538714694660630045e+00
-1.044665172697488842e+01 -2.002137753913768847e+01 7.102626163146567251e+00
-8.396418152523468237e+00 -1.936289201634706814e+01 7.053538581208529834e+00
-1.144325083561177436e+01 -1.855860229248865068e+01 6.837988712966921234e+00
-7.377405776016471961e+00 -1.836882366473973960e+01 6.769408501552322655e+00
-1.106064638495794128e+01 -1.758873782114343953e+01 6.552644674204193720e+00
-7.660920063315364459e+00 -1.776164731228047344e+01 6.697863705142809820e+00
-9.445082031976081538e+00 -1.662916661094586956e+01 6.859336237405074144e+00
-8.675246793750101659e+00 -1.680496623870194739e+01 6.802384531347814622e+00
-9.640922125565687395e+00 -1.539712812084578353e+01 6.429058035573277152e+00
-8.540002337421285006e+00 -1.565190413174560113e+01 6.336041721531971760e+00
-1.087073031639961229e+01 -1.442292791908580440e+01 5.966385693556246927e+00
-7.637937636004619613e+00 -1.424456148549800538e+01 5.789221851943946007e+00
-9.195424726141970595e+00 -1.369019441505800216e+01 5.736670190910709621e+00
-9.400284227566967132e+00 -1.267665425470439722e+01 6.318632195583280264e+00
-1.001916924180188317e+01 -9.679266644800652131e+00 4.939201423533465807e+00
-8.292706659808839476e+00 -9.457378383240722997e+00 5.012910683410958690e+00
-1.155312473450292110e+01 -6.227225269543765762e+00 4.688144291893319604e+00
-6.977480718477261590e+00 -6.208708304587387872e+00 4.496876624087230212e+00
-9.194730280050446680e+00 -6.671560722568969481e+00 4.288045887204541273e+00
-9.276324788478573780e+00 -1.662815274712842140e+01 1.074874808173026253e+01
