-9.339329344966955659e+00 -2.474918016264146203e+01 9.364092410316931847e+00
-8.049594999484444457e+00 -2.253628966557554847e+01 9.331494418687331205e+00
-1.038970022279814387e+01 -2.289640476131161506e+01 9.397730724848848638e+00
-7.157173824092884828e+00 -1.865436399783857269e+01 1.056299030013661522e+01
-1.110110897641647476e+01 -1.851083645318180970e+01 1.073593225451308442e+01
-8.185154281517084129e+00 -1.725494401917617182e+01 1.127519966007086438e+01
-9.693974965171063829e+00 -1.702093267045429315e+01 1.143658616865473121e+01
-4.144777803523800763e+00 -1.595211987319385827e+01 7.546180919972589329e+00
-1.428251340994760099e+01 -1.660822446199482272e+01 7.752440273624429778e+00
-6.820359324929853528e+00 -1.341822967722931637e+01 1.140320273291180087e+01
-1.191860502220632512e+01 -1.367185208227922466e+01 1.136238445707450140e+01
-3.885041716217060070e+00 -1.292273749832460261e+01 6.843859615419997766e+00
-9.163971189417946306e+00 -1.084433898445248268e+01 1.153711399640294388e+01
-1.480433845209618227e+01 -1.277985966982079979e+01 6.892135672313983719e+00
-4.988232619609823892e+00 -6.395410621257644479e+00 8.542160485666755676e+00
-9.483262472810949362e+00 -6.925551217133431692e+00 1.078062345661555277e+01
-1.362866414887074384e+01 -6.771925113574296162e+00 8.963261826675880783e+00
-5.585498946668377762e+00 -4.915068366292440594e+00 8.096074190580566210e+00
-9.354202826861232722e+00 -4.407699145690621378e+00 9.550438137196445965e+00
-1.329687264275930936e+01 -5.378961710936764895e+00 7.817743277352070308e+00
-9.066444762030631210e+00 -3.164875581205599975e+00 5.925749504010576096e+00
-1.420171293078680463e+01 -7.514722716213380949e+00 5.947184761294000310e+00
-1.399459723750564422e+01 -1.061908064845097144e+01 8.403756870274280644e+00
-1.379132711345234874e+01 -9.977779953857302431e+00 7.085823564577710343e+00
-4.429493135873950216e+00 -7.342696498258615811e+00 5.695165525517950300e+00
-4.335586017474916787e+00 -1.009669012435037239e+01 8.446681469008744614e+00
-4.680220899785146216e+00 -1.006407881469394283e+01 7.056693718833891182e+00
-9.385400619601105277e+00 -2.427356367267821469e+01 6.768617202253077281e+00
-9.371696121538450441e+00 -2.241818653340472167e+01 6.603634042488531364e+00
-9.610776899197784218e+00 -2.156851844126848761e+01 6.583951314237654451e+00
-8.982008590520301539e+00 -2.167450385967025639e+01 6.586123059674525493e+00
-1.042747708542298568e+01 -1.984919704455056433e+01 6.653823688624492583e+00
-7.981983551876320249e+00 -1.967917125780413556e+01 6.551287322557594273e+00
-1.119718810848839574e+01 -1.855156948652657434e+01 6.750031674795060610e+00
-6.990083865613598846e+00 -1.852148699957684741e+01 6.725131492299130542e+00
-1.085210573516598664e+01 -1.769722867827291779e+01 6.376027324922199924e+00
-7.426989729822397024e+00 -1.775201140131841271e+01 6.525869582774632249e+00
-9.582949297470626959e+00 -1.683797798111527655e+01 6.640712207951830592e+00
-8.769175296725546076e+00 -1.691362799851351895e+01 6.596378847541971346e+00
-9.916551093699627728e+00 -1.559087374448414032e+01 5.947902481295156640e+00
-8.840683339892834169e+00 -1.563951957395248193e+01 6.015199993806684908e+00
-1.100185389210588127e+01 -1.445464410234521324e+01 5.450806177029907218e+00
-7.836248810791903274e+00 -1.420885237014145375e+01 5.381486821658246100e+00
-9.395230708404721298e+00 -1.399818546874405811e+01 5.329103759397281870e+00
-9.327210028584286050e+00 -1.309512784477782077e+01 6.234704803963055930e+00
-9.831260795912593053e+00 -9.526153931222760107e+00 4.959175364871779124e+00
-8.180062412850821474e+00 -9.393607812933977286e+00 4.876982566806272068e+00
-1.146033780527338841e+01 -5.922982332219822510e+00 4.139944850913289898e+00
-7.285327794576467397e+00 -6.134318860809830021e+00 4.057146511508628706e+00
-9.305237065101515270e+00 -6.641379392194822984e+00 3.951194446227623835e+00
-8.997114042622959218e+00 -1.648694500684530695e+01 1.098035489229717498e+01
