-9.301988650214910948e+00 -2.451442410265577010e+01 9.975574303642552820e+00
-8.065631651846215888e+00 -2.230214815769194914e+01 9.634379517140086335e+00
-1.053755013587630884e+01 -2.225799643947241435e+01 9.765141254479045685e+00
-7.022804078979926423e+00 -1.860071727019762022e+01 1.058293489748597693e+01
-1.098842789203151327e+01 -1.859233857700327874e+01 1.088082083893693586e+01
-8.209216577247625324e+00 -1.714491510170817179e+01 1.136076183684523322e+01
-9.515232982877178003e+00 -1.701857849037303083e+01 1.162000391256580478e+01
-4.106978822315900501e+00 -1.620512204968255432e+01 7.631155626000214909e+00
-1.424550151391192365e+01 -1.639585742522413980e+01 7.657703291997533412e+00
-6.391789191493724154e+00 -1.402369022752120209e+01 1.117542017057242809e+01
-1.192966633854568315e+01 -1.354850004908459660e+01 1.101925143444773703e+01
-3.747051345237231601e+00 -1.291664256027812385e+01 6.479858521365098767e+00
-9.071295317122780588e+00 -1.067942396700096097e+01 1.152288013277977186e+01
-1.471418217140496765e+01 -1.286791206297572465e+01 6.909061193775659859e+00
-4.970155887913522363e+00 -6.654858429623272897e+00 8.699666683369169817e+00
-9.362385114875298342e+00 -6.677664853031500591e+00 1.057114307740525305e+01
-1.352139168865094199e+01 -7.044603684798459220e+00 9.140017408785189090e+00
-5.509980111478846254e+00 -5.529354511507453829e+00 8.141333014378426824e+00
-8.990843196862229547e+00 -4.164034609655367092e+00 9.288821788469261875e+00
-1.304038044655039918e+01 -5.666229998054202355e+00 8.570730635498321703e+00
-8.865394174708072228e+00 -3.283887279218292932e+00 6.463942939347461447e+00
-1.384609786047032109e+01 -6.781601574223118156e+00 5.880678867413227984e+00
-1.395312793966476050e+01 -1.026991767593840876e+01 8.289939492415841826e+00
-1.356818423359593950e+01 -9.923020819152151617e+00 6.789752875258628251e+00
-4.366644495920640523e+00 -7.060193219490590089e+00 6.127690335465455718e+00
-4.266557548548904677e+00 -1.020916237593521103e+01 8.021389643322736518e+00
-4.770682108244965747e+00 -9.965740187685515394e+00 6.731877245980679270e+00
-9.311421147359466133e+00 -2.425640275950112468e+01 7.177033566229017225e+00
-9.009331296323729532e+00 -2.263611435162018282e+01 6.979252671783926054e+00
-9.288817201475852769e+00 -2.203838800860665614e+01 7.020043219242696253e+00
-8.762468163500242824e+00 -2.186062690680734732e+01 6.973588990728811332e+00
-1.036026970518945411e+01 -2.045809348362777413e+01 6.802585381328533742e+00
-7.999130714211771576e+00 -1.967894787866107009e+01 6.671817186666809008e+00
-1.169026083398130567e+01 -1.833532366879172315e+01 6.861814820129421122e+00
-7.105445940990978038e+00 -1.809627305191660085e+01 6.580018204577981145e+00
-1.121453328027503815e+01 -1.762119427740447009e+01 6.480914305139148013e+00
-7.684257821155211943e+00 -1.766380787611802461e+01 6.532083771441495657e+00
-9.898221243171462902e+00 -1.690537400732496565e+01 6.496595630078765282e+00
-9.163399758398121264e+00 -1.707419845025114924e+01 6.532346734174836911e+00
-9.827576406907628126e+00 -1.509408858442817802e+01 5.865382658446854691e+00
-8.753950692241573961e+00 -1.549368179236778786e+01 5.891225272041953787e+00
-1.075401595763170803e+01 -1.427192100333347113e+01 5.836536029053121410e+00
-7.788449681331009344e+00 -1.443441000729558432e+01 5.529559445712113330e+00
-9.469591828862153449e+00 -1.347283348273523629e+01 5.210791793613696044e+00
-9.393715071809820572e+00 -1.245564968447586374e+01 5.896659554746802812e+00
-1.038202672120781322e+01 -9.448066093831133827e+00 4.600309883175157211e+00
-8.346019618105604110e+00 -9.310683341176421379e+00 4.822283104651480912e+00
-1.129009361794951083e+01 -5.614462207161581730e+00 4.005581114557857703e+00
-6.890062188371936180e+00 -5.624456217405996661e+00 4.405143145741627464e+00
-9.209447721780165352e+00 -6.077362055516608130e+00 4.001534255731323597e+00
-8.794025130019750947e+00 -1.669789196768504524e+01 1.099942974301255560e+01
