-9.105493627756066743e+00 -2.451677643357123060e+01 9.942073303086631952e+00
-7.970855332046544284e+00 -2.252512154768314900e+01 9.989956149909032135e+00
-1.048227615660193379e+01 -2.239754284966414488e+01 9.891507046456034402e+00
-6.963657293278287419e+00 -1.862836471662462756e+01 1.073268861028134857e+01
-1.115212864199906662e+01 -1.888322310966545459e+01 1.076964406964526688e+01
-8.384972633759348426e+00 -1.739318984089475251e+01 1.159308581436751240e+01
-9.871657822501289203e+00 -1.777272231948549219e+01 1.164245833522306484e+01
-4.170379167985079683e+00 -1.596444100129386712e+01 7.505355597495640296e+00
-1.410719372971597885e+01 -1.669519078953408808e+01 8.040330439436953469e+00
-6.639642927072353373e+00 -1.384645546773743519e+01 1.119930622505051687e+01
-1.205455418338006801e+01 -1.368272141326123581e+01 1.131507585307217489e+01
-3.549874284031566241e+00 -1.298427837539652430e+01 6.508727505132132940e+00
-9.164455584570397662e+00 -1.065169367673972545e+01 1.151987170440296993e+01
-1.492766596067603047e+01 -1.362118390281743352e+01 6.548319694306190542e+00
-4.891005980038134915e+00 -6.330468774134182297e+00 8.734327122996024428e+00
-8.990046073665647341e+00 -6.423605006342119061e+00 1.063989050890318744e+01
-1.388382484462150757e+01 -6.646290443871814446e+00 8.628279468644089789e+00
-5.377968619871762890e+00 -5.082924038515504783e+00 7.992383143589867345e+00
-8.986500684928333982e+00 -3.692870309134160589e+00 9.377427818603024434e+00
-1.336642798373737584e+01 -5.345477934463460201e+00 8.081680081868947596e+00
-8.775452663571014611e+00 -2.827830661820292857e+00 6.359019604593849628e+00
-1.409208063237995567e+01 -7.166408674602346096e+00 6.032234375351482214e+00
-1.428145806346439706e+01 -1.050732235432890072e+01 8.037036783082164959e+00
-1.373960486420806504e+01 -1.018777974432767763e+01 6.802192618819598025e+00
-4.364733029061428127e+00 -7.411112097257084308e+00 5.936082313025954349e+00
-4.108894743343494582e+00 -1.020839189233872446e+01 8.186837841837494523e+00
-4.547841746301241272e+00 -1.026565609518544342e+01 7.059355991863339952e+00
-8.836185246545031902e+00 -2.439210124809174474e+01 7.409390543844930122e+00
-9.201840076998193396e+00 -2.313686423377945545e+01 7.000108596822518514e+00
-9.529856881429402904e+00 -2.236220730757470321e+01 6.963131782119784674e+00
-8.989122275135109419e+00 -2.246285671293386699e+01 6.889769799054359822e+00
-1.031865424371532924e+01 -2.035810011096279482e+01 6.813777536274924884e+00
-8.093390452351991726e+00 -2.063517248005377525e+01 6.864629017183622395e+00
-1.163152766268233407e+01 -1.855059092419772782e+01 7.012598616907197879e+00
-7.130510918069422388e+00 -1.920198682021296932e+01 6.833348372993056863e+00
-1.120346697678081860e+01 -1.786291942662060706e+01 6.693424523400668846e+00
-7.467033845984358820e+00 -1.846462756945109263e+01 6.598454183715881882e+00
-9.715912503173054660e+00 -1.700707880894605495e+01 6.619143083880787870e+00
-8.875803252553648548e+00 -1.716560216587383536e+01 6.605185208366409988e+00
-9.816052759742660783e+00 -1.507860739980735332e+01 5.869680044523898133e+00
-8.705549123384827226e+00 -1.539108278494967941e+01 6.088861364120679909e+00
-1.109352223886758360e+01 -1.402863173150628384e+01 5.396434807952074308e+00
-7.584765322767641926e+00 -1.435963145284733855e+01 5.676004917858899823e+00
-9.393593017439393122e+00 -1.348519161258623456e+01 5.227174780946911348e+00
-9.226465822518413518e+00 -1.264327378864222240e+01 5.912162478690389023e+00
-1.029776019202877180e+01 -9.053208259170096639e+00 4.621247280608574037e+00
-8.704675884909807593e+00 -9.410605527569060769e+00 4.583465766285261367e+00
-1.160915250960955092e+01 -5.456554818268532614e+00 3.845070970772233476e+00
-6.952332724448094581e+00 -5.621331463478423274e+00 3.734076424072996225e+00
-9.293286335153121414e+00 -5.766150282384595371e+00 3.532217433398034956e+00
-9.100373475987217020e+00 -1.690847969885708224e+01 1.094445260488125626e+01
