-9.144936654642396689e+00 -2.431847262930672215e+01 1.020390487144057445e+01
-7.903804408986792929e+00 -2.232076825849299340e+01 9.776340571430276682e+00
-1.047457050416334390e+01 -2.240799624867507234e+01 9.835703438248797781e+00
-7.025885475661374002e+00 -1.851133281263019370e+01 1.082120514215045759e+01
-1.118852319423122843e+01 -1.867877516060617182e+01 1.085045937794969717e+01
-8.303610823397566065e+00 -1.723511853224712453e+01 1.138983934206482473e+01
-9.722040704901566244e+00 -1.746343677755390544e+01 1.144225677903520833e+01
-4.122601765666146001e+00 -1.618952924993170939e+01 7.663592600280001221e+00
-1.420451070345304423e+01 -1.681759794546918130e+01 8.213915776907745325e+00
-6.730546252252478823e+00 -1.365159447160073114e+01 1.138946958863382442e+01
-1.212433487382604547e+01 -1.370582059951525977e+01 1.126364966798324829e+01
-3.470766513315244328e+00 -1.327482739198800132e+01 6.696986947978035509e+00
-9.379936058060282633e+00 -1.062038555363691827e+01 1.166382706370552569e+01
-1.511101335053935735e+01 -1.325175917236530410e+01 6.887866601788060095e+00
-4.867399148033245027e+00 -6.579084484942629096e+00 8.756738882141043234e+00
-9.556820685991606723e+00 -7.131977841113604555e+00 1.056614130309844590e+01
-1.351968103717017300e+01 -6.792356856082331085e+00 9.163730580335059273e+00
-5.433370010258128602e+00 -5.139680599522460369e+00 8.240805253100260686e+00
-9.349618829734902548e+00 -3.954533075799128383e+00 9.341475470134442460e+00
-1.290978053934789038e+01 -5.369519414008142810e+00 8.601383177609138286e+00
-9.418875434333417118e+00 -3.142955507784409797e+00 6.283399312145307114e+00
-1.420429821059454945e+01 -7.252340683344071337e+00 6.355140736041922089e+00
-1.425096278743454015e+01 -1.050906992217703007e+01 8.618377849945932923e+00
-1.400766887783558090e+01 -1.013439501316256752e+01 7.085508579534401719e+00
-4.525802660329659055e+00 -7.239700282684820465e+00 5.678272409699871126e+00
-4.071680587507422899e+00 -9.860153837201551141e+00 8.196438629924601926e+00
-4.601317470692691813e+00 -9.974447831167399414e+00 6.836693892528778349e+00
-9.493492606107773568e+00 -2.407677546152124037e+01 7.436056193346937349e+00
-9.358114937484714346e+00 -2.286287739238575156e+01 7.258248772243370617e+00
-9.629178810142629885e+00 -2.208586572454354524e+01 7.295256244553454117e+00
-9.089717805721445387e+00 -2.209003078994005875e+01 7.151326091238567884e+00
-1.037761544154944104e+01 -2.000665762586923435e+01 7.009230676811862182e+00
-8.021001109920899097e+00 -1.930242891910472025e+01 6.727926267536111560e+00
-1.138623311872632016e+01 -1.843278100926932694e+01 6.954591710739140176e+00
-7.017733184777542377e+00 -1.812689804659195758e+01 6.745407590384898455e+00
-1.098790046922456654e+01 -1.758872183399065037e+01 6.651800284695059240e+00
-7.494935956938212129e+00 -1.752488891697579731e+01 6.613507901680316436e+00
-9.579313917533781364e+00 -1.661497727091977339e+01 6.600095257545617322e+00
-8.797512553249008604e+00 -1.669634225699956431e+01 6.587258198579433177e+00
-9.473571996931070771e+00 -1.522421428589031400e+01 5.978511692243561271e+00
-8.386475563026738911e+00 -1.541852575554419857e+01 6.108446645992233748e+00
-1.090876047579897268e+01 -1.435951423249038150e+01 5.587999477252436620e+00
-7.417558791447896205e+00 -1.425907202110032479e+01 5.581741895561456168e+00
-9.103104480462787862e+00 -1.361330189267878588e+01 5.202465674731832301e+00
-9.316080013054653719e+00 -1.280295498285175171e+01 5.975291752099141540e+00
-1.047591459076872056e+01 -9.502687958791817380e+00 4.850292948808800908e+00
-8.559624174751995440e+00 -9.571357452043690373e+00 4.845599267500256602e+00
-1.162673562907924030e+01 -5.585559072145264814e+00 4.295838874190347489e+00
-6.900679529100552045e+00 -5.737940597720758262e+00 4.224600293273176987e+00
-9.226818529173842265e+00 -6.276839818724470277e+00 3.968879713649572594e+00
-8.989799539728910105e+00 -1.671874023187721292e+01 1.109300986806558420e+01
