-8.967653326532113667e+00 -2.517683036262369356e+01 1.032493004199385211e+01
-7.592967278408195853e+00 -2.241451015603029617e+01 1.014697502669212525e+01
-1.038123332052638226e+01 -2.309162495965852457e+01 1.031321822542478550e+01
-6.660714276154700464e+00 -1.863238702049894258e+01 1.118402072142175996e+01
-1.131909495149588629e+01 -1.917821381130483260e+01 1.137574335892154131e+01
-8.496198290094255867e+00 -1.733335328754473181e+01 1.185417095044656932e+01
-9.994082708597444409e+00 -1.757251888349883018e+01 1.196747175610056146e+01
-4.001935106194117076e+00 -1.598167006131858514e+01 7.693570732869641660e+00
-1.444435852788565811e+01 -1.653997551625911200e+01 8.029212134027510217e+00
-6.602219729828014749e+00 -1.377147407498734744e+01 1.147023615280213527e+01
-1.181284467706164065e+01 -1.380082584298002324e+01 1.145943331653476704e+01
-3.442679753767392548e+00 -1.308495799027168616e+01 6.553921079753298073e+00
-9.263065923985388750e+00 -1.040780058905000871e+01 1.180555014135000214e+01
-1.516967571704641315e+01 -1.259331865303049014e+01 6.712149749799889875e+00
-4.682232297706062418e+00 -6.199228670000012542e+00 8.728894559403000741e+00
-9.194880754572135828e+00 -6.852751900364776105e+00 1.080952024667393019e+01
-1.387170478340972402e+01 -6.548736822963515891e+00 8.992700482641485138e+00
-5.125166348247670811e+00 -4.841651482803268181e+00 7.904014210671454599e+00
-9.346974805284787635e+00 -3.562738678200531250e+00 9.439553532047254336e+00
-1.322427458704460612e+01 -5.136122497662562125e+00 8.279186344258441466e+00
-9.203556733065058282e+00 -2.494332037336511210e+00 5.987625912612575263e+00
-1.429291016032783546e+01 -7.128250919427955523e+00 6.141115187960659583e+00
-1.446138533465492593e+01 -1.027297361142289134e+01 8.260780690665114889e+00
-1.418946065205464713e+01 -9.897210529392379996e+00 7.011587560509802586e+00
-4.022765639305184493e+00 -6.979979622120227489e+00 5.747570499193473736e+00
-3.949991852066999876e+00 -1.004054053494337495e+01 8.076868023360406212e+00
-4.444977054792849103e+00 -1.009366420748510151e+01 6.955445991240954307e+00
-9.069170587548184059e+00 -2.503690441435806235e+01 7.980351485803388378e+00
-8.813292746363217134e+00 -2.335694213474641856e+01 7.252930821389083071e+00
-9.258512869904388154e+00 -2.251488267125601794e+01 7.176268912175638448e+00
-8.651863470629415076e+00 -2.238803992363335382e+01 7.062783385414474147e+00
-1.055628437797399855e+01 -2.100285511298877950e+01 7.159416586217415279e+00
-7.800912859180676229e+00 -2.037772069134488007e+01 7.079841933589873904e+00
-1.164228136818842430e+01 -1.921931982361585511e+01 7.192466681933628259e+00
-6.643159942464362366e+00 -1.920312571310146410e+01 7.085189097489768884e+00
-1.127390406897368180e+01 -1.799712849618684274e+01 6.661590387687974513e+00
-7.146393696363769976e+00 -1.821668239424156965e+01 6.774393859416708352e+00
-9.573751580334828759e+00 -1.706177156040483212e+01 6.601975018125882499e+00
-8.647045747707709396e+00 -1.705676989489777284e+01 6.594055084346850393e+00
-9.752367048128689930e+00 -1.540619795173059892e+01 6.021756498504494459e+00
-8.553228277598078577e+00 -1.550919479839510196e+01 6.042545009658978117e+00
-1.102519829803767770e+01 -1.461809427815484241e+01 5.651838801346439567e+00
-7.608920594908822110e+00 -1.468522778295900721e+01 5.649079848748321808e+00
-9.322168850677561736e+00 -1.423452159297571740e+01 5.387442032440102224e+00
-9.288002419383676767e+00 -1.323646241522786937e+01 6.256909138934781289e+00
-1.045473888144492314e+01 -9.259786391666047223e+00 4.640598655814227591e+00
-8.288827652422366299e+00 -8.962259803632168342e+00 4.487081306979737505e+00
-1.156331530562243337e+01 -5.265715500128441029e+00 4.203333053246022466e+00
-6.811531352138296747e+00 -5.588474501315143783e+00 3.871609899928013743e+00
-9.352786652477021789e+00 -6.230969979713300688e+00 4.021929604559953297e+00
-9.392642245197547979e+00 -1.699453255419148334e+01 1.125281640740860922e+01
