-9.250264724497615276e+00 -2.402725300509808903e+01 9.709570116359367731e+00
-8.021457683232245728e+00 -2.224965720410646242e+01 9.201808004657719309e+00
-1.005075388459307817e+01 -2.250215191238377344e+01 9.490499679445745684e+00
-7.211814805604731760e+00 -1.820713575389418537e+01 1.072932273427294447e+01
-1.108586287580121166e+01 -1.832756780016321230e+01 1.073374309961381279e+01
-8.655771148121994329e+00 -1.708606600604421288e+01 1.110922228574856874e+01
-9.981308725425789063e+00 -1.706620780376273316e+01 1.100234278569187829e+01
-4.379493614351514630e+00 -1.581285715590463781e+01 7.796836299371220136e+00
-1.398589816870252456e+01 -1.661090486959667700e+01 8.548805071054028204e+00
-6.743247805936847250e+00 -1.367428205743719261e+01 1.067172100540654256e+01
-1.187744963724925462e+01 -1.332056485062261686e+01 1.101990595684316609e+01
-3.896881070748368536e+00 -1.320507844592865787e+01 6.988671514308425259e+00
-9.485333835112612633e+00 -1.050987587000387968e+01 1.134036709153890143e+01
-1.469694336517908617e+01 -1.294792946380836618e+01 6.962013008920827417e+00
-5.229549746605997917e+00 -6.972984291801551215e+00 9.036311212807808246e+00
-9.084092020848737903e+00 -6.885437073634430583e+00 1.055735795007391431e+01
-1.338860641882667757e+01 -7.064962490152377761e+00 9.083335088782224176e+00
-5.462369474946755510e+00 -5.844514972331895208e+00 8.304352748939038520e+00
-9.069705925501756028e+00 -4.457423766364172479e+00 9.498621424059338736e+00
-1.279194377836970276e+01 -5.632073751116267957e+00 8.283732228106169160e+00
-8.998308131450421854e+00 -3.567205100335749890e+00 6.836063392376233061e+00
-1.373883859904939797e+01 -7.389493951072552136e+00 6.335664157424524490e+00
-1.394756439028440020e+01 -1.011537957093579720e+01 8.625167556474174546e+00
-1.359239103122143533e+01 -9.855009091479846717e+00 7.307239373836384111e+00
-4.763594428253870916e+00 -7.575773913853843133e+00 6.150228257417364119e+00
-4.510200989982276809e+00 -1.012457741278806012e+01 8.216347722330228365e+00
-5.033041268815329872e+00 -1.015325657218380329e+01 7.157025591000797604e+00
-9.238040724424990913e+00 -2.380085506540740781e+01 7.332718495074210807e+00
-9.357930770879860916e+00 -2.274832690200911145e+01 6.993760949586421916e+00
-9.538012267608735328e+00 -2.205285090040200657e+01 6.984905576814425032e+00
-9.018783181063454890e+00 -2.209267410650838670e+01 6.844263966596818349e+00
-1.006678857156615159e+01 -2.042921488232931182e+01 7.079829451172699351e+00
-7.909682497161544035e+00 -1.976888248296560846e+01 7.058299953296992335e+00
-1.132904100771061096e+01 -1.889684553189463401e+01 7.110256121307067190e+00
-6.955097895368914429e+00 -1.836265696531764391e+01 6.761010403211065167e+00
-1.104644912820782565e+01 -1.780620040215742605e+01 6.785679412724924475e+00
-7.386872837082139931e+00 -1.760856875263868915e+01 6.649723006490613209e+00
-9.799205028733251055e+00 -1.655413415012582590e+01 6.846982704057752223e+00
-8.951312101190818993e+00 -1.652447080545235636e+01 6.854292149763350217e+00
-9.993146648786648711e+00 -1.522564377720301110e+01 6.438272498656319343e+00
-8.886665563805363988e+00 -1.529191811030248793e+01 6.510020023958821511e+00
-1.106282735463540057e+01 -1.423777915877222533e+01 5.948390260436003274e+00
-7.706127257482073389e+00 -1.420597573643604150e+01 6.008458525347258217e+00
-9.332865795227167638e+00 -1.390603241723982464e+01 5.805360608709980497e+00
-9.282258959143867116e+00 -1.311540682739887487e+01 6.325827816180330743e+00
-1.012294750360491591e+01 -9.404349439001210342e+00 4.979026733951492645e+00
-8.557958443490612410e+00 -9.374483600614997414e+00 4.932230982986343548e+00
-1.152198114471788060e+01 -6.046649502233333529e+00 4.681822242176863824e+00
-7.301923477981828725e+00 -6.032531457695517574e+00 4.516979937612481955e+00
-9.426148323229043058e+00 -6.746012117046419121e+00 4.282588734844360090e+00
-9.194364942393587370e+00 -1.659851520423090676e+01 1.053696745890290032e+01
