-8.545466965926916458e+00 -2.635547808328565722e+01 1.029783166726235066e+01
-7.866032439927170827e+00 -2.310276074968046345e+01 1.029305361073523528e+01
-1.055473526260964334e+01 -2.369703754006443930e+01 1.048977612047286101e+01
-6.977568772083932558e+00 -1.902775583412065075e+01 1.151078638369003926e+01
-1.119761321676496024e+01 -1.951188969925617300e+01 1.154835984711706409e+01
-8.328269488304638202e+00 -1.786332855042601864e+01 1.218039123469449869e+01
-9.691421953897839003e+00 -1.805379694867974294e+01 1.229313865563374542e+01
-3.607122333148672588e+00 -1.640549068261112708e+01 7.887821876655669584e+00
-1.475064937031313050e+01 -1.689365384728077402e+01 8.599940382066654010e+00
-6.654677469360260389e+00 -1.416072289505628312e+01 1.168915323003413143e+01
-1.192882648405948842e+01 -1.381098813519750124e+01 1.185991432351548092e+01
-2.800710715812420037e+00 -1.298991831963815891e+01 6.783447582518804531e+00
-9.375013388580743623e+00 -1.083257115050934694e+01 1.194602550313811307e+01
-1.562742242287481531e+01 -1.274778204160173622e+01 7.080345024165723977e+00
-4.419993680312098050e+00 -6.225605387800068335e+00 8.569744294205625224e+00
-9.559084499805928559e+00 -6.391790822473347511e+00 1.092779773855164294e+01
-1.405599555091319708e+01 -6.374612597927482582e+00 9.036113892023545091e+00
-5.147035331957591886e+00 -4.594863732477166174e+00 8.006359366719703274e+00
-9.094748450681898078e+00 -3.234851308993495156e+00 9.405653783875335350e+00
-1.354333911790914335e+01 -4.782046715841220319e+00 8.003419076658737197e+00
-8.797949939627983440e+00 -2.264837727739089868e+00 6.237377512765897691e+00
-1.452698043037951869e+01 -6.519303079427177572e+00 5.740023858622004482e+00
-1.464442728282777217e+01 -1.013941043829166055e+01 8.432114753044531952e+00
-1.408351895300533485e+01 -9.552805566624368083e+00 7.176949730484120771e+00
-4.109909263461688056e+00 -6.626357842324861025e+00 5.119388925882605079e+00
-3.815054520555164697e+00 -1.014524695505070184e+01 8.135970696109101397e+00
-4.452128503244066060e+00 -9.921758742861765512e+00 6.819425415493258313e+00
-9.366060340116501237e+00 -2.554482890344881696e+01 7.662544915371283238e+00
-9.290295821546028066e+00 -2.374395789829252124e+01 7.621204766918582507e+00
-9.531570323223188979e+00 -2.272509535411094106e+01 7.450904938517377119e+00
-8.904141858644324614e+00 -2.262591329151429775e+01 7.430083885570581970e+00
-1.037721793047521324e+01 -2.073300494456605492e+01 6.980932489992208723e+00
-7.911725873244783713e+00 -2.038569045264618396e+01 6.893996144088166744e+00
-1.173431246370100567e+01 -1.914760577824860732e+01 6.898930029968964206e+00
-6.865630006716788358e+00 -1.924293392686729121e+01 6.580298303420134332e+00
-1.131418778558943572e+01 -1.819603230325895638e+01 6.625279142938448551e+00
-7.264788847107254810e+00 -1.828040127204953791e+01 6.522755404959139192e+00
-9.779582290817275592e+00 -1.690366278730442318e+01 6.947958411984508587e+00
-8.840870839250147384e+00 -1.687349463217203294e+01 6.863480597359067126e+00
-1.000096203092654257e+01 -1.543619152576388309e+01 6.423468709911365870e+00
-8.805300427090456239e+00 -1.549205843348227951e+01 6.390505483679139509e+00
-1.119045452620056658e+01 -1.477641858143232234e+01 5.956534578267773661e+00
-7.624277159005067972e+00 -1.444615437324287832e+01 5.606175430537869708e+00
-9.285150783114044515e+00 -1.394023711834604029e+01 5.627427505024716226e+00
-9.410663171018686768e+00 -1.269685480541753719e+01 6.360003225316462228e+00
-1.016960994713119604e+01 -8.825349608101365817e+00 4.540673240778476227e+00
-8.311263687423306123e+00 -8.882177962810915872e+00 4.502969748812340356e+00
-1.177115876799959082e+01 -4.247278223800117658e+00 3.790225475602573280e+00
-6.993328610783319021e+00 -5.060551829680408176e+00 3.733742050171477977e+00
-9.610562221626592461e+00 -5.029158470997333374e+00 3.063896088023650321e+00
-9.187026714212919387e+00 -1.723339825454495156e+01 1.162263518691049136e+01
