-9.281790842094475025e+00 -2.414910896217308078e+01 1.044246676347677116e+01
-8.107832097394787496e+00 -2.227367873821872735e+01 9.775806589369642197e+00
-1.047411251854886061e+01 -2.238113052729679353e+01 9.957098752722954416e+00
-7.164784512901523073e+00 -1.828346623048207320e+01 1.091392118803556777e+01
-1.098457404228308398e+01 -1.892485569856699357e+01 1.100785106943254021e+01
-8.260827190682627830e+00 -1.707992069048565398e+01 1.156051647406157912e+01
-9.599245852425855929e+00 -1.742730096322164712e+01 1.174360727356749479e+01
-4.332728843037343403e+00 -1.666035498586670727e+01 7.740100988088737921e+00
-1.421377525463226377e+01 -1.642417631228812169e+01 8.012601989842924155e+00
-6.729498635995846634e+00 -1.368065653145240645e+01 1.120331550654090869e+01
-1.163086873042694336e+01 -1.383242522164141164e+01 1.109185462095354602e+01
-3.696262703127467297e+00 -1.235113572988622721e+01 6.411528599622895896e+00
-9.191459908036875959e+00 -1.082657373031457837e+01 1.133759737028296577e+01
-1.477108846694176236e+01 -1.305266467112994100e+01 6.532764645737701770e+00
-4.969471429443983901e+00 -6.955951131614093619e+00 8.975727152139688414e+00
-9.335935954734576825e+00 -6.613936731149859583e+00 1.054996655105931325e+01
-1.368909544626516883e+01 -6.815536531249091645e+00 8.798911433816011041e+00
-5.281918320913893794e+00 -5.727812002901182531e+00 8.083021315090679337e+00
-9.119935042582435258e+00 -3.875864670366647058e+00 9.360468212545804079e+00
-1.321958948705645831e+01 -5.431697742707836341e+00 8.034972489372560034e+00
-9.075228298517748371e+00 -3.177020813881498817e+00 6.792182939663505614e+00
-1.412846845948967101e+01 -7.443478096092730922e+00 6.001201540438846571e+00
-1.421050862277617810e+01 -1.038221848342612397e+01 8.120118185993035809e+00
-1.373572848222279674e+01 -1.003379549021134309e+01 6.915890819324350680e+00
-4.685078482531126909e+00 -7.557752565611478346e+00 5.477254488213911365e+00
-4.385993650453829495e+00 -1.043249727094779900e+01 8.390381916127079620e+00
-4.787706088941751759e+00 -1.011319902130182413e+01 7.149432969434643681e+00
-9.197102373282866949e+00 -2.402056335494641459e+01 7.669859117665504655e+00
-9.153126045767146834e+00 -2.246686294712842624e+01 7.235613527545389445e+00
-9.443155683515788823e+00 -2.165904175017423583e+01 7.251068301201361699e+00
-8.905582912143367835e+00 -2.164344740610776796e+01 7.261928558046149007e+00
-1.022202017275740538e+01 -2.008079925085555928e+01 7.202867819712593267e+00
-8.017318139893740536e+00 -1.952731478846639845e+01 7.229776153336120892e+00
-1.140935725540935231e+01 -1.849930401416336423e+01 6.946906709423465998e+00
-7.012374060765264261e+00 -1.836560863618544914e+01 6.841799011714306822e+00
-1.122041633292025331e+01 -1.765842153172601314e+01 6.637091730266769574e+00
-7.379409140986131987e+00 -1.789856311700037850e+01 6.727725306682067696e+00
-9.981265542039430727e+00 -1.695223120250252435e+01 6.912397478722049016e+00
-9.019275039033601615e+00 -1.710565905734942049e+01 6.913497680902365161e+00
-1.019516527122434546e+01 -1.517545779407608464e+01 6.285866287391753460e+00
-9.012152566387902297e+00 -1.544684302037627965e+01 6.495479602604815383e+00
-1.104516763287106684e+01 -1.432406273035614674e+01 5.661685669040489088e+00
-7.764300428417888256e+00 -1.428357237372262745e+01 5.825726047173404254e+00
-9.298439820812829382e+00 -1.343334739432484781e+01 5.523557717480603202e+00
-9.415132717607617607e+00 -1.271337472481679320e+01 6.392062558894057389e+00
-1.020048508278183341e+01 -9.429142838322244202e+00 5.008937811001841212e+00
-8.391336082197341284e+00 -9.518791102790229885e+00 4.959942266680461564e+00
-1.153793046382774179e+01 -5.372988019855683639e+00 4.302680967306533155e+00
-7.077643802827914499e+00 -5.960699443107134954e+00 4.322336674065964779e+00
-9.255188590552254624e+00 -5.984386361505581675e+00 3.718536831920483454e+00
-9.099023796465271374e+00 -1.640040524415920942e+01 1.098052599265449203e+01
