-9.124033725550543039e+00 -2.392851507233002550e+01 9.542114627136772498e+00
-8.005568852053750462e+00 -2.146362525823014522e+01 9.555697705839408584e+00
-1.040819469552239340e+01 -2.194182618448202859e+01 9.720054225272246384e+00
-7.151156246359053448e+00 -1.871052232283241423e+01 1.064128404535746952e+01
-1.085073560667894910e+01 -1.831691072855322133e+01 1.088424090921029830e+01
-8.357900373215349177e+00 -1.731440814503584136e+01 1.141626074565290772e+01
-9.673433524496445557e+00 -1.719130214230046505e+01 1.158364825514699703e+01
-4.369687803523508052e+00 -1.583380403599804787e+01 7.731107155723604407e+00
-1.405374267329489335e+01 -1.632088474214896934e+01 8.233554520606409355e+00
-6.976912076980068989e+00 -1.385359769755400805e+01 1.113874789912048158e+01
-1.160667582349852189e+01 -1.363515189656794924e+01 1.132558240152931539e+01
-3.952344070289925071e+00 -1.286354389310651669e+01 6.841076688068097766e+00
-9.256361288348442073e+00 -1.051251665855998318e+01 1.142814426046912857e+01
-1.473635034254746046e+01 -1.242312889471155124e+01 7.366169869204962417e+00
-5.207996663636754064e+00 -6.926217620449243384e+00 8.448308146743279679e+00
-9.629091926875020135e+00 -7.100348216029074067e+00 1.055996890995557891e+01
-1.318527207413989899e+01 -7.101273345663820180e+00 9.010917718249237041e+00
-5.663520755874690060e+00 -5.660775779899116067e+00 8.095503099392047375e+00
-9.279353602369418752e+00 -4.330902949449076722e+00 9.553498522127577885e+00
-1.282815712017922394e+01 -5.778246642714632841e+00 8.214851277699985133e+00
-8.803673692942941997e+00 -3.411544879877747682e+00 6.720886620752269280e+00
-1.362511882677463504e+01 -7.491330840476607023e+00 6.620121730808180338e+00
-1.362628156347722985e+01 -1.052118029885703798e+01 8.960101230814771611e+00
-1.330092149513730959e+01 -1.040796840486141051e+01 7.503393432505182759e+00
-4.936936878647452787e+00 -7.552857116288715922e+00 6.059611042607061293e+00
-4.588889744983084995e+00 -1.043801609943967357e+01 7.835224631849883714e+00
-5.351367454004851254e+00 -1.053981883512682494e+01 6.937959047922242384e+00
-9.113852457779378469e+00 -2.359443584178182007e+01 7.595973760547575893e+00
-9.229691851932720681e+00 -2.227559133686843396e+01 7.176459414623541200e+00
-9.449409405227408243e+00 -2.150539783805734118e+01 6.994401463613218795e+00
-9.012493612193530623e+00 -2.161701566897440685e+01 6.951652684049364872e+00
-1.013256222067134793e+01 -1.989010151509625146e+01 6.906816364868475944e+00
-8.040368110403010249e+00 -1.973351625141994958e+01 7.018886919646074141e+00
-1.135549803111664957e+01 -1.862064949489167986e+01 7.377250027493091444e+00
-7.186165624813257047e+00 -1.858577465952528840e+01 6.981413045116026339e+00
-1.091248262364853794e+01 -1.764049018959513049e+01 6.860025647803730919e+00
-7.490370806348803256e+00 -1.798518389958866237e+01 6.725480141801167377e+00
-9.758331329159997125e+00 -1.668226432517484525e+01 6.718550807863505447e+00
-8.945327645830893459e+00 -1.689132155926626311e+01 6.724172768303804837e+00
-1.002476423899598679e+01 -1.494956438911599861e+01 6.414096030905616530e+00
-8.921202873855525795e+00 -1.524860526413147532e+01 6.539080679807392826e+00
-1.094604895948698875e+01 -1.404202098906624840e+01 6.050793217062341078e+00
-7.895284781210841984e+00 -1.412212866339402240e+01 6.098240855738235489e+00
-9.325666142765761890e+00 -1.374769860512896003e+01 6.005441151627893603e+00
-9.379312354722495471e+00 -1.280466654861272424e+01 6.433738110250954989e+00
-1.021492618689327969e+01 -9.417680991128010604e+00 5.198679488869244025e+00
-8.514369541479966941e+00 -9.581021713353422342e+00 5.296079444950263948e+00
-1.159499442183494899e+01 -5.895393736546387764e+00 4.687646255462952993e+00
-7.159999821052713820e+00 -5.911092862825160665e+00 4.618175460028131951e+00
-9.423753276900463050e+00 -6.601148616300078764e+00 4.650417208933769864e+00
-9.014581127499399216e+00 -1.677622302205332261e+01 1.093804546039005743e+01
