-9.279358948646397209e+00 -2.322629259726398132e+01 9.217941109370636710e+00
-7.956383266916804864e+00 -2.142410334715693665e+01 8.968889448168246403e+00
-9.963301156251516133e+00 -2.176851827489330304e+01 9.218841600194561892e+00
-7.260816898175191270e+00 -1.812452605211777623e+01 1.052768611777324814e+01
-1.097663098107720714e+01 -1.800169807939516531e+01 1.059622666908379784e+01
-8.847200078598003614e+00 -1.658612845255646562e+01 1.142392677076940544e+01
-9.875348880632431658e+00 -1.636210168870831794e+01 1.143726869502691557e+01
-4.576482913581152445e+00 -1.577138476463169070e+01 7.542740872181722622e+00
-1.388870697884713934e+01 -1.633423185293745661e+01 7.951210087543596039e+00
-7.009220449970134048e+00 -1.388564767131813049e+01 1.134526411357390963e+01
-1.172327045303212678e+01 -1.360358125972114962e+01 1.089083922517790448e+01
-3.922387883540793041e+00 -1.303059916867390022e+01 6.808922357672376080e+00
-9.467689066978095980e+00 -1.116188828106056441e+01 1.155865544622298913e+01
-1.464557949982371454e+01 -1.257274203675743607e+01 6.815044401735102397e+00
-5.211539723680172820e+00 -6.810455530673737989e+00 8.559010065787788335e+00
-8.993394951187740460e+00 -7.089811543112837455e+00 1.048644594375740446e+01
-1.345290254572309152e+01 -7.513841683227026280e+00 9.031475121720356825e+00
-5.560048977027621575e+00 -5.700942108415779863e+00 7.847484917256787540e+00
-8.929816377028950924e+00 -4.709365407100224665e+00 9.335511154635431907e+00
-1.269911560666592187e+01 -5.959445983768827837e+00 8.279764357131309538e+00
-8.922932990597955083e+00 -3.721115263174502807e+00 6.481697514108004654e+00
-1.374183541497571248e+01 -7.516760082259797748e+00 6.580582835405154540e+00
-1.380358815718467014e+01 -1.047153522870974918e+01 8.422260441664397135e+00
-1.346261559513592232e+01 -1.005551842967414089e+01 7.201826862720818845e+00
-4.854777752350207365e+00 -7.632900274279667663e+00 6.073414500962341478e+00
-4.519325446162067550e+00 -1.026376169196601218e+01 8.261429076654337678e+00
-4.940667513166102864e+00 -1.033431283927021127e+01 7.105097399964916072e+00
-9.308047310452218781e+00 -2.312403617412605072e+01 7.203242506538899192e+00
-9.138178294372941934e+00 -2.176507972402412605e+01 6.933193968621407244e+00
-9.345313853210312161e+00 -2.112068849012442939e+01 6.869571594155273075e+00
-8.740329250653317672e+00 -2.122706478702563260e+01 6.813298149736462861e+00
-9.980430632633513710e+00 -1.961043866903160193e+01 6.841356889686715625e+00
-7.724283668423381322e+00 -1.944490673355314314e+01 7.042400007515704274e+00
-1.117033379381063263e+01 -1.849438056107976180e+01 7.051934413268518220e+00
-6.968343239933115996e+00 -1.844872261588304951e+01 7.116264487355059565e+00
-1.084990128320752767e+01 -1.758655895311795447e+01 6.727126898749054007e+00
-7.209136164575279615e+00 -1.765031512126951441e+01 6.772943967972010704e+00
-9.606882594130865982e+00 -1.682024965005428641e+01 6.832114043644271106e+00
-8.663888202638968750e+00 -1.676173584984251264e+01 6.802526962023882184e+00
-9.820005057879933830e+00 -1.531038952754014026e+01 6.556950701638359469e+00
-8.741656715260226918e+00 -1.518919776055151161e+01 6.611332533883465423e+00
-1.081312150767565328e+01 -1.449868221751795971e+01 6.162921265022426986e+00
-7.810143882162744688e+00 -1.392544978062060679e+01 6.142754747942930749e+00
-9.204160436683812563e+00 -1.370507819683319362e+01 5.925005082830989700e+00
-9.378902135142290319e+00 -1.252549374750140210e+01 6.127870097556532336e+00
-9.969438024993046099e+00 -9.664072210204082580e+00 4.894923388799786501e+00
-8.461160236786554378e+00 -9.632479275834889165e+00 4.875089840553530784e+00
-1.152119919246045754e+01 -6.474473976651729856e+00 4.780548268614591478e+00
-6.992307929840429814e+00 -5.979101531830992577e+00 4.517646839937404124e+00
-9.184709980294938347e+00 -6.650232640810526341e+00 4.237900976604504599e+00
-9.402714922019161037e+00 -1.624739890743977000e+01 1.085530058667975695e+01
