-9.157655520115525860e+00 -2.618410468994241924e+01 1.052926370507953813e+01
-7.785067960850666324e+00 -2.346079085375705731e+01 9.943982983086650407e+00
-1.034239757844344432e+01 -2.333787457500070062e+01 1.030572264020021933e+01
-6.701091324849073771e+00 -1.921338358199520968e+01 1.115357588353294105e+01
-1.131555475596494098e+01 -1.942791668191905785e+01 1.136838396375417126e+01
-8.475370461657902865e+00 -1.795064901267771518e+01 1.203773643374762159e+01
-1.003348756976402356e+01 -1.798710575183463689e+01 1.206971520337228831e+01
-3.498936264311280908e+00 -1.659262453493392186e+01 7.842683480741833080e+00
-1.507471770035624736e+01 -1.632153028788915350e+01 7.983664920720458191e+00
-6.282950648661648430e+00 -1.388799003809378974e+01 1.151485813424122995e+01
-1.202214597237158955e+01 -1.382109876572840257e+01 1.162792047417220687e+01
-2.874315118622784215e+00 -1.286445164500847937e+01 6.599855645835667417e+00
-9.290304854652745803e+00 -1.077668056024949550e+01 1.178494796494060992e+01
-1.564595938423398458e+01 -1.271270932021803546e+01 7.054285264459059235e+00
-4.623326457337388007e+00 -6.092758926378103013e+00 8.794923144217161592e+00
-9.385047045581377034e+00 -6.587269076049757643e+00 1.103734853343035027e+01
-1.418824996440554820e+01 -6.396720758769889770e+00 9.061637485732255470e+00
-4.995358176633994063e+00 -4.728460168959860432e+00 7.996877069262261273e+00
-9.050378993915954240e+00 -3.289713910784907824e+00 9.450382907393183984e+00
-1.357306228094359923e+01 -4.808351775475040668e+00 8.128280742290526106e+00
-8.635230310766432993e+00 -2.254985919727911625e+00 6.047896672922068007e+00
-1.440067960936135094e+01 -6.676939545220003325e+00 5.756618388065041003e+00
-1.468854230009472595e+01 -9.805991105108203598e+00 8.285096906989990018e+00
-1.414819268666849261e+01 -9.508305893344033421e+00 6.809496333155495407e+00
-3.975251963086359197e+00 -6.865033471345892480e+00 5.123279987223421372e+00
-3.857683633426977732e+00 -1.004625578078258741e+01 7.941508562023402718e+00
-4.443947822304669337e+00 -9.867451097431594320e+00 6.552018607188235144e+00
-9.178306625374327510e+00 -2.544717790972373450e+01 7.644362110067638660e+00
-9.180329755177178086e+00 -2.363710380299077585e+01 7.321151051236840956e+00
-9.473124230129922552e+00 -2.277460706086856845e+01 7.214702004234566424e+00
-8.794256153317851599e+00 -2.268471822678803562e+01 7.194337129438800105e+00
-1.031686401198283143e+01 -2.116958544060981140e+01 7.061008974541496563e+00
-7.537594470609183084e+00 -2.035094589658656616e+01 6.890397679241858420e+00
-1.164806941078428437e+01 -1.950063174417368472e+01 6.937334793289599233e+00
-6.480595992738157562e+00 -1.887699131785958429e+01 6.624861452424810615e+00
-1.126312147437085898e+01 -1.841626389160864363e+01 6.568186859450538151e+00
-7.081610547011431223e+00 -1.820742339235374274e+01 6.365160624585797677e+00
-9.642972317296877094e+00 -1.746100263993723090e+01 6.558276058303007083e+00
-8.727314011955019879e+00 -1.751831960333210958e+01 6.433771035517725778e+00
-9.606229846694482433e+00 -1.565038418878764404e+01 6.076687213884933492e+00
-8.444603820754540635e+00 -1.585398393973468956e+01 6.072100691236823167e+00
-1.099461032989659159e+01 -1.456627675171904279e+01 5.637919919454646767e+00
-7.431062128011088674e+00 -1.422030109938098263e+01 5.480140538254667071e+00
-9.120424125876034793e+00 -1.393436056179690574e+01 5.273298906831896282e+00
-9.260212287043728452e+00 -1.299839344027118138e+01 6.028472439520749404e+00
-1.020364546418474561e+01 -8.699904386912269416e+00 4.371261937297090228e+00
-8.375975871709734122e+00 -8.601458980882416228e+00 4.294636818030027392e+00
-1.178760107957288028e+01 -4.630922720692054462e+00 3.912825529703977345e+00
-6.936126607263031651e+00 -4.720098796076365844e+00 3.256272499055864245e+00
-9.549147528531456430e+00 -4.965205787064748577e+00 2.849089458761197236e+00
-9.292584868581910129e+00 -1.719974271190760362e+01 1.164363900056771328e+01
