-9.250463168236441547e+00 -2.459249824697427300e+01 1.042625385844385377e+01
-7.994510688602165516e+00 -2.251490285812787917e+01 1.008135587972821412e+01
-1.047700634416267107e+01 -2.280729159290465802e+01 1.007173683512842821e+01
-6.944066188234022441e+00 -1.862860141321551666e+01 1.086728459522018042e+01
-1.134328090126421529e+01 -1.859724409037945492e+01 1.107781323878808877e+01
-8.272427871687664691e+00 -1.728018175826528235e+01 1.160264383945168909e+01
-9.846019708489816225e+00 -1.725983849120203573e+01 1.176900527223791038e+01
-3.927113463053868880e+00 -1.646510508093753700e+01 7.970111543297194068e+00
-1.458500962424120395e+01 -1.644667706375325977e+01 7.968992861559221375e+00
-6.511115983258797257e+00 -1.415458497577762387e+01 1.134851669353954051e+01
-1.199050250380472527e+01 -1.378141399456739435e+01 1.147258408737216584e+01
-3.243711676380267139e+00 -1.280426029244861752e+01 6.307464311884011465e+00
-9.412913910234543380e+00 -1.008645102920190517e+01 1.179147884741083097e+01
-1.519753624513750090e+01 -1.300783054526689853e+01 6.563349499511039298e+00
-4.641513743384511059e+00 -6.456455115476328110e+00 8.433312631926035863e+00
-9.127983382018468816e+00 -6.484100099676489037e+00 1.080971121328153828e+01
-1.379056514014684254e+01 -7.076839419733406800e+00 9.438413210081918692e+00
-4.987973223563624714e+00 -5.242083875178973784e+00 7.635674117816607875e+00
-9.332622301939190734e+00 -3.849811854840707426e+00 9.658450042091008214e+00
-1.323798338829721999e+01 -5.190123453470320669e+00 8.357432647552110794e+00
-9.711359726414967142e+00 -2.686002421028888421e+00 6.394704458161971417e+00
-1.423908817832132279e+01 -7.195874178799979148e+00 5.799690487587502830e+00
-1.438588371217768902e+01 -1.031605578225189568e+01 8.375014671035147629e+00
-1.403793153385796799e+01 -1.004110226412834450e+01 6.793164841061926751e+00
-4.246959463882592267e+00 -7.040673835257529767e+00 5.679053716928455842e+00
-4.009018391967567041e+00 -1.001585323508106740e+01 8.040861286220062354e+00
-4.625968033250258848e+00 -9.916013663201550088e+00 6.585951460913306299e+00
-8.976901133017475942e+00 -2.450587291992502514e+01 7.641234457438009997e+00
-9.127288998563933831e+00 -2.284998360732695488e+01 7.535761925356279534e+00
-9.493936932631230619e+00 -2.211748634361056531e+01 7.471372944119606174e+00
-8.913633816215707384e+00 -2.203821923090765367e+01 7.445685969540253524e+00
-1.032785858795777933e+01 -2.059342213573767921e+01 7.133089383034237230e+00
-8.049569035576325859e+00 -2.009914525497917381e+01 6.905461655729856041e+00
-1.143782178819654405e+01 -1.920068845314367678e+01 7.199485735347881388e+00
-6.993422624269022947e+00 -1.884595270246356336e+01 6.701293987213934322e+00
-1.105803830059894466e+01 -1.815757606768532284e+01 6.708078128119042027e+00
-7.361803532302837461e+00 -1.797167255158236898e+01 6.408159132796564350e+00
-9.688601903949457750e+00 -1.696844367380973395e+01 6.636715454760748756e+00
-8.830604333621053570e+00 -1.701126676936576843e+01 6.528859706945120855e+00
-9.889110680755354821e+00 -1.533848771117015630e+01 6.019396083443794510e+00
-8.686949046780730654e+00 -1.562200223730055981e+01 6.153436196816725712e+00
-1.105402005331150228e+01 -1.472684646929448249e+01 5.214805225137830291e+00
-7.503905121028290104e+00 -1.437622524162943627e+01 5.475693595860505525e+00
-9.195347626742512048e+00 -1.391558453803685147e+01 5.137337492191647925e+00
-9.155951801189100792e+00 -1.295521904237238431e+01 5.909015661595468316e+00
-1.047966531894526732e+01 -9.239869981278415523e+00 4.503065255769600483e+00
-8.608984400156296957e+00 -9.138040473092971183e+00 4.580683890867134345e+00
-1.177574823847324836e+01 -5.303048266544133860e+00 4.019823631891883409e+00
-7.097590191862496845e+00 -5.757066021306138204e+00 3.905780847488644625e+00
-9.519150678863878667e+00 -6.068752887745126223e+00 3.502392139076820232e+00
-9.177867797058121724e+00 -1.670993438795101937e+01 1.122332247466099098e+01
