-9.482115786671728941e+00 -2.514269442484740580e+01 1.046165955355608723e+01
-8.059687649423830536e+00 -2.325741031759669042e+01 1.012357524058612768e+01
-1.054016664925958935e+01 -2.329264781683934515e+01 1.021815414066041328e+01
-6.858244933331906878e+00 -1.852201574624249858e+01 1.117928084717912007e+01
-1.166394491709093195e+01 -1.897675335219388160e+01 1.106312825940044320e+01
-8.429849912680253965e+00 -1.732396373751681651e+01 1.169939164651606944e+01
-9.949484897034276187e+00 -1.750360286414323596e+01 1.175150966838938160e+01
-3.932667247008521993e+00 -1.679532493044393959e+01 8.259347496377413833e+00
-1.463360419341469765e+01 -1.678881628915650026e+01 8.506005343102335914e+00
-6.541201154334563839e+00 -1.374280120883690337e+01 1.135185095189317472e+01
-1.184128602891052040e+01 -1.366594105561818395e+01 1.151655902499320661e+01
-3.062037462020006373e+00 -1.250721023542246968e+01 6.360594369949708948e+00
-9.011899496453658287e+00 -1.100345136032066407e+01 1.169542054147722254e+01
-1.532099320629290595e+01 -1.327268690145486296e+01 6.715955171810276347e+00
-4.499725871509756558e+00 -6.116447159995315630e+00 8.559343786271524479e+00
-9.530432641039853436e+00 -6.030945767491605380e+00 1.068158427696898194e+01
-1.410048269127013398e+01 -6.364802068760798903e+00 8.979366791594992847e+00
-4.859866642288794836e+00 -4.910633429639345238e+00 7.805352086022119273e+00
-9.545849257517474484e+00 -3.422955677408969777e+00 9.624775550448434913e+00
-1.354377001987020179e+01 -4.887752096060806295e+00 8.079585229266688984e+00
-9.421365305607354301e+00 -2.288917103937871289e+00 5.964025920948230031e+00
-1.442140115326186312e+01 -6.563651765935790472e+00 5.920503968600225875e+00
-1.453656397253378429e+01 -1.047471134863438103e+01 8.434708581905381308e+00
-1.425210465426730266e+01 -9.758792108980840041e+00 7.067428357463361621e+00
-4.089497356412789664e+00 -7.138787076876051074e+00 5.268222186504151416e+00
-3.935500130519125506e+00 -1.039084674119135343e+01 8.361594671304310111e+00
-4.309235955881635327e+00 -1.016848439886359934e+01 6.996842645280453965e+00
-9.546493682743879106e+00 -2.488288696575107295e+01 7.790749602936954510e+00
-9.230590500492839467e+00 -2.326417872894462846e+01 7.393700853451763422e+00
-9.530021642816851823e+00 -2.224795669073133553e+01 7.322251692808887213e+00
-8.806279425565538332e+00 -2.214427615753984568e+01 7.275181178801622295e+00
-1.067175666861977845e+01 -2.038277728072156947e+01 7.226655286562288616e+00
-7.754578703247542393e+00 -1.997368866718261415e+01 7.032493521813433901e+00
-1.183958852766671299e+01 -1.906563242389082902e+01 7.340874035863230951e+00
-6.891569908104051123e+00 -1.890914626323352010e+01 6.824256251457858191e+00
-1.142179159162389368e+01 -1.831942943987819206e+01 6.980306899361786499e+00
-7.409135387992936472e+00 -1.818537200323011405e+01 6.516009252042517019e+00
-9.743328768235040016e+00 -1.726146175367455982e+01 6.909105332244562803e+00
-8.833647170828285766e+00 -1.720585816639601617e+01 6.667319192737156897e+00
-9.718212395909027634e+00 -1.553197875746535317e+01 6.209807059101805748e+00
-8.482392640960709329e+00 -1.569402467887864638e+01 6.054726062149867971e+00
-1.100107805769776981e+01 -1.457808091085989410e+01 5.697615621796028762e+00
-7.437327076669945747e+00 -1.470854994306392882e+01 5.444727641611095237e+00
-9.219035695516968332e+00 -1.423988937992848847e+01 5.410188512860930388e+00
-9.242253918637933552e+00 -1.335412527825918971e+01 6.172281135012439357e+00
-1.053213983540328158e+01 -9.281857978858578662e+00 4.645241992943585529e+00
-8.493262398967623028e+00 -8.917962398852436579e+00 4.551443281086951842e+00
-1.168846314267861430e+01 -5.121069271841911963e+00 3.742335185873112646e+00
-6.964829874224198747e+00 -4.957140101725129533e+00 3.534462723614664181e+00
-9.219387120970592875e+00 -5.532527028272428815e+00 3.083652087585221135e+00
-8.973559926956625077e+00 -1.718211797563544252e+01 1.136539852294069952e+01
