-9.153485810536317047e+00 -2.455946940156369962e+01 1.035730634210661272e+01
-7.777371039316804513e+00 -2.252439304642516049e+01 9.822301077208960507e+00
-1.046933531183856836e+01 -2.274886420947460053e+01 1.016367463561923046e+01
-7.105399766051419874e+00 -1.881533897941304900e+01 1.105152116922394789e+01
-1.124579562927487686e+01 -1.889969658392438134e+01 1.111289275593284742e+01
-8.585104865401190111e+00 -1.770330494077455086e+01 1.173824889543680960e+01
-9.820784945903207941e+00 -1.789833789578498369e+01 1.173752726596545592e+01
-3.930821416396074852e+00 -1.638275007998657173e+01 7.547560903945534250e+00
-1.448514140669511896e+01 -1.666252888477984584e+01 7.929078743564652143e+00
-6.472314601423371450e+00 -1.401795214706294779e+01 1.124824195165904506e+01
-1.209690177127017030e+01 -1.390555869834289382e+01 1.143354953374119098e+01
-3.195662960570292199e+00 -1.287666122786702338e+01 6.364997241012373408e+00
-9.012417793093295160e+00 -1.047548587553103339e+01 1.179577064603408942e+01
-1.516181854774777449e+01 -1.351180651999032989e+01 6.659424035261721997e+00
-4.743374444984422844e+00 -6.091316342065502099e+00 8.655133532940277874e+00
-9.258764231072831308e+00 -6.592052255196309218e+00 1.084542019469065544e+01
-1.406510346456585836e+01 -7.055478246202669723e+00 8.974701307815704965e+00
-5.180680142054209902e+00 -4.748745575588457335e+00 7.976812321734769284e+00
-9.000421576714533245e+00 -3.617434393966509898e+00 9.490557538317165864e+00
-1.333924720406580278e+01 -5.456033573646765333e+00 8.527001928881857040e+00
-8.756517616362401668e+00 -2.500536507279810472e+00 6.113872689276567129e+00
-1.407153361938439851e+01 -6.954431486438084953e+00 5.691668978498144682e+00
-1.434946426572701483e+01 -1.031884990990956652e+01 8.510914719390109795e+00
-1.401322795370987251e+01 -9.741309961771417392e+00 6.814638660901489509e+00
-4.213783321720664610e+00 -7.051966927240755467e+00 5.626732731481166816e+00
-3.950370264296177325e+00 -1.004599829061449867e+01 7.958674588842402642e+00
-4.277555425183029669e+00 -9.925853286350021065e+00 6.813471790301612430e+00
-9.378286776801800784e+00 -2.472900283988836989e+01 8.039646882817827134e+00
-9.385474635819036848e+00 -2.320692012449996611e+01 7.442217507099567086e+00
-9.653967765149010560e+00 -2.221282227248003949e+01 7.319940662951420762e+00
-9.098820773092537451e+00 -2.230849534452716654e+01 7.223802974850840997e+00
-1.031794356222397546e+01 -2.033620725553103270e+01 6.986990647697055579e+00
-8.095973323972630808e+00 -2.026070246795236329e+01 6.828850920558523718e+00
-1.162178477371427299e+01 -1.909040257208212310e+01 7.191379565428388076e+00
-7.127938879439776443e+00 -1.907476765175402278e+01 6.712521334929368422e+00
-1.134670493548379966e+01 -1.797645532654399503e+01 6.732872715543850362e+00
-7.513069987805713446e+00 -1.805423822810592327e+01 6.521677157217198761e+00
-1.002272390817807235e+01 -1.701876542813729642e+01 6.591589317245063029e+00
-9.112353505533629772e+00 -1.700251714775690104e+01 6.494052399197768111e+00
-9.641951247113095036e+00 -1.542597074534460688e+01 6.012472678975354867e+00
-8.577484291700095298e+00 -1.544803795758911846e+01 6.080906768189131562e+00
-1.075313811288932442e+01 -1.458532342740987531e+01 5.555692000430399347e+00
-7.406392425358181875e+00 -1.416539619985858600e+01 5.560828118454154811e+00
-9.116180940505447694e+00 -1.349736297900691895e+01 5.118032680047699401e+00
-9.230814598078366018e+00 -1.252128226946277323e+01 5.883770460467929730e+00
-9.825589622142814505e+00 -9.285683874105931324e+00 4.502330347137528221e+00
-8.357936231380328707e+00 -9.364495946625396527e+00 4.444950933449997699e+00
-1.168651144178759971e+01 -5.283953005980065676e+00 3.743952332854644460e+00
-6.833126094912071125e+00 -5.125700095806561940e+00 3.540056437624672370e+00
-9.232902663562681411e+00 -5.555401383026559614e+00 3.155854792996272362e+00
-9.297934718809562682e+00 -1.706053339684165238e+01 1.124345792587321213e+01
