-8.977870271562132132e+00 -2.540451024372802991e+01 1.010032304457693897e+01
-7.960875802908134347e+00 -2.286171762250247141e+01 1.025138930348492217e+01
-1.030711579272061584e+01 -2.333261487774488430e+01 1.009121665950533675e+01
-6.722407412197107135e+00 -1.889658365483680313e+01 1.105125310463725619e+01
-1.127859006318517388e+01 -1.947126571198471723e+01 1.123697964142343331e+01
-8.381962543300074842e+00 -1.767805985139299096e+01 1.190005186028088424e+01
-9.807336137519136798e+00 -1.799173820219994369e+01 1.207960986664168068e+01
-3.930014045165421521e+00 -1.625765663425884000e+01 7.770329593907671750e+00
-1.424790492411841925e+01 -1.699425620590512054e+01 8.592767418056915574e+00
-6.619201131528826387e+00 -1.404079065158942008e+01 1.169468983237085702e+01
-1.205047415369088348e+01 -1.378876153133796834e+01 1.171783918068560837e+01
-3.394805438408326381e+00 -1.274785553906936997e+01 6.064135902327938865e+00
-9.167938462795639509e+00 -1.047116186075402844e+01 1.184551631255521720e+01
-1.501381560574483309e+01 -1.288843218173665583e+01 6.755264129420223362e+00
-4.825796477795009309e+00 -6.261433856743936488e+00 8.812783889323259956e+00
-9.245673793456727907e+00 -6.397840476889426142e+00 1.095249225235614254e+01
-1.349049974987246792e+01 -6.306505850038679029e+00 9.341060463936255331e+00
-5.322756925543282946e+00 -4.593930623098263055e+00 8.050129493210951281e+00
-9.358398116035994363e+00 -3.286605417382499894e+00 9.521479944997320644e+00
-1.321022139827987552e+01 -5.092368139248256931e+00 8.459613851176444044e+00
-9.074091706151815373e+00 -2.206538217979557182e+00 5.845521995427590767e+00
-1.426525822140251698e+01 -6.780076755404964572e+00 5.578174985433985711e+00
-1.439986539155401424e+01 -9.864838118734887473e+00 8.473286029586683199e+00
-1.405639551049689118e+01 -9.397188977398242216e+00 6.844013873561479500e+00
-4.341251909198422965e+00 -6.625980455007809411e+00 5.200998513594217165e+00
-4.071104759961588826e+00 -1.001487636514762158e+01 8.129227216578485127e+00
-4.451387045527567032e+00 -9.770541250132275479e+00 6.941188898590340273e+00
-9.367054315868086789e+00 -2.527723737655211167e+01 7.359218407487442271e+00
-9.070727729491114388e+00 -2.361775967247709573e+01 7.217407806175240914e+00
-9.516597530292159490e+00 -2.272150932605850926e+01 7.173036177986515050e+00
-8.804435199864226291e+00 -2.268873907402409174e+01 7.125890401011686137e+00
-1.063553431167477292e+01 -2.100543244321334768e+01 7.124338751499259992e+00
-8.122378146470911275e+00 -2.043100288116876939e+01 6.678609233854778005e+00
-1.158111049426172734e+01 -1.938448459507904786e+01 7.019542124980789666e+00
-6.959260304168960687e+00 -1.916280164172820832e+01 6.379055676492368931e+00
-1.114048260418574721e+01 -1.841188502637796987e+01 6.524002635505562253e+00
-7.349122613019307693e+00 -1.842079070721583278e+01 6.428720485440074128e+00
-9.573652945178123375e+00 -1.748390557207300233e+01 6.673642625370107773e+00
-8.714714591386066189e+00 -1.748106878221226879e+01 6.691608189378868587e+00
-9.584625725511569883e+00 -1.569633763704920604e+01 6.060262791804063909e+00
-8.485998194681641849e+00 -1.583488876255061939e+01 6.196984882944351014e+00
-1.088582746546388691e+01 -1.475293971873736965e+01 5.635611261358846491e+00
-7.595609397985707112e+00 -1.449482946668883265e+01 5.718089909040715568e+00
-9.248019545239021255e+00 -1.392702333708979801e+01 5.337310567375476822e+00
-9.305057620469664670e+00 -1.292649088495537413e+01 6.160439594058683355e+00
-1.026342861221736413e+01 -8.937178547986841082e+00 4.563627509835891161e+00
-8.582024997449583026e+00 -8.842382455826619747e+00 4.488345147003878211e+00
-1.146366930015547148e+01 -5.128164540022924101e+00 3.637659171908365074e+00
-6.961549205333295909e+00 -5.028390380450726838e+00 3.331428873276396807e+00
-9.162307792682504726e+00 -5.556246970910077465e+00 3.115932506627652643e+00
-9.319623655202580181e+00 -1.722076291592878405e+01 1.143830101309379721e+01
