-9.072839928168647816e+00 -2.615473595491247849e+01 1.067308661906080225e+01
-7.778012686684124155e+00 -2.332876982545216649e+01 1.056472997089325716e+01
-1.029438852777116509e+01 -2.365202220883649176e+01 1.053330358030397207e+01
-6.522886321066110327e+00 -1.910501795562370120e+01 1.136257676426386709e+01
-1.156753791553262900e+01 -1.940394504559336042e+01 1.152566919435300719e+01
-8.318408714714239593e+00 -1.809804123504386197e+01 1.206657834121890538e+01
-9.956798614757442323e+00 -1.817936364715190933e+01 1.215530812260188753e+01
-3.552291795804149999e+00 -1.642567929224681933e+01 7.996943809092605271e+00
-1.467000082067329814e+01 -1.715247695739543943e+01 8.636820056645317933e+00
-6.651131591338536708e+00 -1.391600430893958773e+01 1.182643050952120412e+01
-1.183592496081248768e+01 -1.374104394790530037e+01 1.168201968608448027e+01
-3.133456637464939742e+00 -1.296863897186229764e+01 6.479916246755108133e+00
-9.158135319704253874e+00 -1.066446564483308279e+01 1.174825399468207010e+01
-1.546470965979258239e+01 -1.298370285597559004e+01 6.812792158128150533e+00
-4.564341882808929718e+00 -6.215659322302019341e+00 8.805192349515435168e+00
-9.252993670304295648e+00 -6.057110247758333621e+00 1.074223553551512111e+01
-1.384574986444323308e+01 -6.375614570223556932e+00 9.219934849036455660e+00
-5.022374247771561606e+00 -4.449486813968372978e+00 7.761565056096090487e+00
-9.034818620086840113e+00 -3.255263732618620232e+00 9.587921861265787271e+00
-1.327447435814096899e+01 -4.848159206172242719e+00 8.187439878722774012e+00
-9.246021585296587020e+00 -1.838189025108341257e+00 5.820147524424045038e+00
-1.427502978279077084e+01 -6.475372380863801069e+00 5.597449932375397452e+00
-1.435729978428236642e+01 -9.964729112860764459e+00 8.554535036996323782e+00
-1.421740871917625171e+01 -9.322907426554145616e+00 7.053952693592925982e+00
-4.004006766085377755e+00 -6.870963815458990709e+00 5.475433840893749071e+00
-3.903867757431305208e+00 -9.718566794154471111e+00 8.248101049784652972e+00
-4.364436415651657519e+00 -9.550508472404377613e+00 6.681736527879110987e+00
-9.200712227587224845e+00 -2.596038822698049131e+01 8.093895060482481085e+00
-9.199891441821282712e+00 -2.428806217157337244e+01 7.374572904264642403e+00
-9.493606106136240896e+00 -2.310777521129416456e+01 7.174624484791896961e+00
-8.887657390020867965e+00 -2.317521431139405053e+01 7.084212380876250492e+00
-1.054425789211594378e+01 -2.094984442416080128e+01 6.920583601211225400e+00
-7.885145118840059197e+00 -2.102051547942270560e+01 7.002656479221490926e+00
-1.196772571337803548e+01 -1.964027591771454340e+01 7.247132357083595267e+00
-6.573399386428850910e+00 -2.006419529476205810e+01 7.300612566730632302e+00
-1.151969976518233629e+01 -1.866884420905184072e+01 6.918608782677517333e+00
-7.000491573421543379e+00 -1.917515095387481594e+01 6.899552280867559340e+00
-9.642386726984268464e+00 -1.785531927523039286e+01 6.982872889070916855e+00
-8.593950360398116217e+00 -1.802218913913909759e+01 6.822194334227696721e+00
-9.876967472931795555e+00 -1.604239723981579502e+01 6.232945098875726231e+00
-8.523826843209095117e+00 -1.620689154856233927e+01 6.290985827857245916e+00
-1.117078187625787677e+01 -1.514007200244200924e+01 5.584776047421271095e+00
-7.498542254503253623e+00 -1.467629854661808331e+01 5.593015743586986943e+00
-9.349694475137255267e+00 -1.429737846334552387e+01 5.498845975000092423e+00
-9.353727442091926747e+00 -1.302555163614302280e+01 6.155585154939757331e+00
-1.025848325526572324e+01 -8.766766386236708897e+00 4.266812164590123579e+00
-8.630614787000643773e+00 -8.788531685544207050e+00 4.288500934740108406e+00
-1.146163095687004763e+01 -4.612383626360793798e+00 3.380639114551168056e+00
-6.623039237575621740e+00 -4.736745147728386840e+00 3.361257128596311095e+00
-9.129457938554139673e+00 -5.062957211670802593e+00 2.909100939132194696e+00
-9.209401122345873603e+00 -1.758233348100682036e+01 1.162921171026169453e+01
