-9.183811263415721626e+00 -2.565629213546733212e+01 1.055028212682124789e+01
-7.893341780795118723e+00 -2.283935012016533506e+01 1.037097342680893597e+01
-1.058203126168407238e+01 -2.352886503472336699e+01 1.022921400621938304e+01
-6.831673921029321583e+00 -1.896875419838420740e+01 1.139682386190173879e+01
-1.147418822473784417e+01 -1.899754689221233050e+01 1.142225818704507745e+01
-8.316959582226754577e+00 -1.783591495324542464e+01 1.191515033288281700e+01
-9.759275300761053984e+00 -1.778399072251603741e+01 1.193408381098050519e+01
-3.917213030473217117e+00 -1.671264822077483103e+01 8.092101781726819709e+00
-1.476531152248901435e+01 -1.650612339892104075e+01 8.150945223099872905e+00
-6.556878969953973346e+00 -1.382487136984856768e+01 1.158351395652247717e+01
-1.204890066824583350e+01 -1.373036756453924845e+01 1.162414472297549395e+01
-3.060338306657480079e+00 -1.309652274503003078e+01 6.405830916263308694e+00
-9.530466366458902883e+00 -1.045227871029581479e+01 1.159381081992478890e+01
-1.519119439945029448e+01 -1.324184546020231501e+01 6.806269053862123997e+00
-4.413715227176848721e+00 -6.367774078491136969e+00 8.766284696403747745e+00
-9.657202352826939062e+00 -6.382435205354330954e+00 1.053378943878824892e+01
-1.381775391563445865e+01 -6.569192948836183987e+00 9.118230774534460181e+00
-4.857779341261665884e+00 -4.995811716565292215e+00 7.964906039789695136e+00
-8.971708466519997316e+00 -3.254093323949927008e+00 9.222123793826085603e+00
-1.346272025347970747e+01 -5.205105247894877607e+00 8.112591469077170103e+00
-8.698045387505636938e+00 -2.244639456990400905e+00 6.171001967973002600e+00
-1.429964069441396113e+01 -6.685052426140854820e+00 6.016580288639101326e+00
-1.438114464000880943e+01 -1.002370673829515368e+01 8.517968175012740062e+00
-1.388929339054463519e+01 -9.523934973685037164e+00 6.950761106830539049e+00
-4.025598504224796592e+00 -7.291099535058882530e+00 5.674519400535243285e+00
-3.962584969059641082e+00 -1.003874981273905220e+01 8.123045410302660585e+00
-4.517026515904412065e+00 -9.915044426782085196e+00 6.870302523854798338e+00
-9.371274619330741018e+00 -2.526781681932151358e+01 7.635502860828036198e+00
-8.969581017505992904e+00 -2.350637014484626519e+01 7.653132592819977376e+00
-9.318305689146493265e+00 -2.263347340438462041e+01 7.498211466620958277e+00
-8.718030183270382594e+00 -2.250116779386950583e+01 7.341020531451847297e+00
-1.043070601481479365e+01 -2.098877031270452420e+01 7.094616209337737622e+00
-8.205541422692791187e+00 -2.053918152576743239e+01 6.895367639528844350e+00
-1.165181923779226558e+01 -1.944667097608780892e+01 7.178194507730290219e+00
-6.824174030882376840e+00 -1.962644311144714138e+01 7.185357262186595761e+00
-1.121932165823868743e+01 -1.839866362888241014e+01 6.736606029448969579e+00
-7.250604044090851907e+00 -1.863901819223095302e+01 6.795406245188700289e+00
-9.614642281233853893e+00 -1.715471901126770149e+01 6.669023299774655911e+00
-8.746749993315797056e+00 -1.711175046755450424e+01 6.604641330365689456e+00
-9.737664871295857338e+00 -1.521672563489442176e+01 6.044859202441619672e+00
-8.593858667852318334e+00 -1.523428301901341797e+01 6.079907398408828101e+00
-1.098990250107460476e+01 -1.448035889772925344e+01 5.562182521042840833e+00
-7.396623656696474924e+00 -1.437161662101692272e+01 5.668887407732109196e+00
-9.147995733514694194e+00 -1.351709846174835405e+01 5.337216452044975412e+00
-9.249211372698191269e+00 -1.263555330420797596e+01 6.065378286841246691e+00
-1.008262089503045189e+01 -9.003087142973926760e+00 4.499689408050278061e+00
-8.410977843075970739e+00 -8.952997943414015225e+00 4.501533474365089660e+00
-1.155976450120798837e+01 -4.612639967542618180e+00 3.724779800622996184e+00
-6.867065142893652663e+00 -4.784946299961768013e+00 3.710024979327314121e+00
-9.163959235153466665e+00 -5.246421794088348634e+00 3.450426684058792492e+00
-8.816764230032687166e+00 -1.709967010148864119e+01 1.134917937463266746e+01
