-9.150947955078596152e+00 -2.527783280637235208e+01 9.866450287349950443e+00
-8.280842601843303896e+00 -2.315813464439964520e+01 9.962695712805032855e+00
-1.058313977031924402e+01 -2.329281543517232578e+01 9.807707313764408852e+00
-6.669381915348038703e+00 -1.897171283872531689e+01 1.079972002410007192e+01
-1.153948053954858821e+01 -1.897258622930949912e+01 1.114830813244227592e+01
-8.042099982456822005e+00 -1.767764745257010617e+01 1.177286290068230379e+01
-9.570193406075945930e+00 -1.773172048298821224e+01 1.188154680577916977e+01
-4.048081263078364245e+00 -1.661032959370292872e+01 7.904413312454833473e+00
-1.467484977851667871e+01 -1.624008708548488045e+01 8.199510484285047696e+00
-6.367965990840406931e+00 -1.383061511071956140e+01 1.135134775837747334e+01
-1.193625793669743906e+01 -1.381615179469314114e+01 1.149509364385406407e+01
-3.309176493158411336e+00 -1.343538234282942589e+01 6.438439348605472290e+00
-9.256420588925385218e+00 -1.061367267055044117e+01 1.172607607821300491e+01
-1.531161875470642109e+01 -1.303129005457067890e+01 6.815653122157680599e+00
-4.830997669587514309e+00 -6.382970851084151853e+00 8.706876729668891812e+00
-9.104278689775496147e+00 -6.669667980295683307e+00 1.074966808216693792e+01
-1.376481898250703928e+01 -6.521743771903544484e+00 8.948428698589090402e+00
-5.143529029673961084e+00 -4.999558898412765906e+00 7.919244512226820021e+00
-9.510722013718989842e+00 -3.650048756515098969e+00 9.562559978111970338e+00
-1.324630505914248602e+01 -4.863212974402647326e+00 7.945239709314921406e+00
-8.886440774893944905e+00 -2.398832856557185700e+00 5.947829463154378438e+00
-1.414928831602502157e+01 -6.663703968470587213e+00 5.969319870927670912e+00
-1.430360355699862041e+01 -1.009423508006761594e+01 8.532795090138161953e+00
-1.400057672585676372e+01 -9.455278616202607012e+00 7.139495106509208711e+00
-4.348398212745130387e+00 -7.093327737483970274e+00 5.487609040075104971e+00
-4.007646275662794189e+00 -9.653850945381128312e+00 8.231844819724132734e+00
-4.528398717445206501e+00 -9.751580910620520015e+00 6.807043160027724582e+00
-9.336246035191235748e+00 -2.484929358975313463e+01 7.264538335955804449e+00
-9.440086267609533621e+00 -2.315172471017114475e+01 7.266152654865308591e+00
-9.685797730196293642e+00 -2.231802839354418566e+01 7.165674946257030165e+00
-9.048020268760204488e+00 -2.242171246114685346e+01 7.140831644296830483e+00
-1.042193199695176808e+01 -2.061890967047469303e+01 6.781599583717461854e+00
-7.968285375700535411e+00 -2.041831713933310866e+01 6.808716109422721985e+00
-1.169144789071770063e+01 -1.921184041855867264e+01 6.970528521910696718e+00
-6.989597303090768321e+00 -1.899846731153763457e+01 6.866527176647243991e+00
-1.133654950583482091e+01 -1.831198024473608399e+01 6.685612489240156719e+00
-7.438775162634532201e+00 -1.805611681046028849e+01 6.684857222371161534e+00
-9.755479468334881332e+00 -1.707561781174147342e+01 6.904835101065614822e+00
-8.869831442552651879e+00 -1.702585018169472164e+01 6.844919812985354568e+00
-9.749072469323515122e+00 -1.527996096732850795e+01 6.220352210006168114e+00
-8.605739789623198632e+00 -1.545750218928440489e+01 6.265479100956264702e+00
-1.101606103085799582e+01 -1.458339933440383263e+01 5.656214129510980904e+00
-7.544371334411223096e+00 -1.453247737731289035e+01 5.425866385652225787e+00
-9.211508776069942783e+00 -1.394805456576628622e+01 5.448096193932716602e+00
-9.264212172530410072e+00 -1.267007321025455013e+01 6.006675463265091608e+00
-1.014579065719767215e+01 -8.943298732094495662e+00 4.508269135580306397e+00
-8.259730718903941948e+00 -9.032395280677944172e+00 4.428967743135910240e+00
-1.134213056903814376e+01 -4.919328354289186578e+00 3.874031033945314562e+00
-7.189139753064276661e+00 -5.062746456434375375e+00 3.460076935954338406e+00
-9.460809912092985385e+00 -5.754002724686098524e+00 3.527374035046684231e+00
-8.814151777341887595e+00 -1.722495652484386142e+01 1.119656743446665459e+01
