-8.810053135269564351e+00 -2.303811701136779533e+01 9.654534037581438355e+00
-7.978949333133869004e+00 -2.094701736228326183e+01 9.175808946625528151e+00
-9.918554536198033844e+00 -2.166325823233207970e+01 9.588701850265152871e+00
-7.458852010413430378e+00 -1.756969038427122953e+01 1.061791937308319511e+01
-1.127764195985771956e+01 -1.836638937400813276e+01 1.063860154510835265e+01
-8.918657547491651627e+00 -1.692273267973548911e+01 1.129549876441801004e+01
-1.019355389871122419e+01 -1.747665163921322318e+01 1.129274123883163838e+01
-4.331582718923040254e+00 -1.517917502341659208e+01 7.399257044041292808e+00
-1.425960512726368812e+01 -1.600844124290681592e+01 8.080350900887392385e+00
-6.669599607127280727e+00 -1.351447094058212883e+01 1.102602817006934721e+01
-1.203223906458579684e+01 -1.323033404689108039e+01 1.129247586265959846e+01
-3.838695278685354317e+00 -1.277350187725214781e+01 6.776295738422819070e+00
-8.991016579194464953e+00 -1.041940204244101054e+01 1.155507147067959650e+01
-1.485203268880906258e+01 -1.252786458184595197e+01 7.136820806250662841e+00
-4.990336059803150981e+00 -6.946202981743700100e+00 8.618780731447163390e+00
-9.451768399911028240e+00 -7.274487942277816366e+00 1.091540492078800817e+01
-1.331021985060290191e+01 -7.165788887013474273e+00 9.190587972257265648e+00
-5.381582776777185551e+00 -5.939627448119991548e+00 8.276038003093285411e+00
-9.188341239286756945e+00 -4.563830049931155486e+00 9.555750157065521222e+00
-1.285111552124703138e+01 -6.066465735833542539e+00 8.454703317724614919e+00
-8.754796180145881124e+00 -3.885588194206721191e+00 6.424624696239912502e+00
-1.353378740765682409e+01 -7.723839091035692661e+00 6.454614091858920766e+00
-1.385411218174030168e+01 -1.034073186001356603e+01 8.503404806896263324e+00
-1.356493678656990731e+01 -1.004339478473020009e+01 7.298686255658360267e+00
-4.906918516520710760e+00 -7.738241516464916536e+00 6.029993858969976195e+00
-4.672841684358429504e+00 -1.013167235842855263e+01 8.416786921184446157e+00
-5.023972371039936213e+00 -1.011683387842307091e+01 6.998366443644084001e+00
-9.146302420524213161e+00 -2.302562946194370852e+01 7.326158598147580747e+00
-9.205836461640778623e+00 -2.133732422775732118e+01 7.186553832462793778e+00
-9.556681056148796927e+00 -2.062468439679411247e+01 7.132612441346075194e+00
-8.934236007560915738e+00 -2.063711538129131284e+01 7.053193560774096760e+00
-1.054351616509256218e+01 -1.936852743906377228e+01 7.065693894056424895e+00
-8.112040533397301800e+00 -1.900195339347855850e+01 7.068023042297422620e+00
-1.155868137027611731e+01 -1.824132546380046449e+01 7.179929493125017714e+00
-7.442073589873483996e+00 -1.786450964344927783e+01 7.045345450376840901e+00
-1.121561578884329791e+01 -1.728956352565538523e+01 6.878048336350577330e+00
-7.891726218680150673e+00 -1.713233949392049738e+01 6.727635110265616447e+00
-9.712382141106612465e+00 -1.636288823778416557e+01 6.946061021338095998e+00
-8.957396098354667657e+00 -1.636910189439500485e+01 6.805528528880758543e+00
-9.803137930224727015e+00 -1.507969304426867119e+01 6.382923399038803680e+00
-8.650788200993403620e+00 -1.514554018135219948e+01 6.350993725811300727e+00
-1.097173863378317726e+01 -1.430504966974780778e+01 5.886139845308213658e+00
-7.725605166771376098e+00 -1.385816916936217602e+01 5.659793905363837752e+00
-9.348125947070428765e+00 -1.342883945869182405e+01 5.437960068552333048e+00
-9.555274074148382368e+00 -1.291165814409873391e+01 6.199733772259859776e+00
-1.032713396282215612e+01 -9.494843042070840511e+00 5.028229797217493413e+00
-8.335584573933934038e+00 -9.273356770616020484e+00 4.899679698241813597e+00
-1.137769025625012276e+01 -6.264331041246714804e+00 4.767116967679882578e+00
-6.997138023059589429e+00 -6.260416060201601240e+00 4.842212097294479101e+00
-9.617520802754620846e+00 -6.296370843269113671e+00 4.064894573690622792e+00
-9.721684119533408719e+00 -1.683978872337801391e+01 1.074576448859524724e+01
