-9.236929813658175448e+00 -2.436327311142961705e+01 1.025240172892809021e+01
-8.053992110390641557e+00 -2.240794198683917315e+01 9.870191834947153353e+00
-1.053744787452959741e+01 -2.227572124896358829e+01 9.660684639482877145e+00
-7.204771661211109013e+00 -1.842103222125439288e+01 1.073881010995404850e+01
-1.123602455420888724e+01 -1.898094878309892763e+01 1.071668613860774144e+01
-8.537614980774717921e+00 -1.722260835899800213e+01 1.152736460652998574e+01
-9.699526569072133952e+00 -1.759735847163248934e+01 1.159988508352103054e+01
-3.988811654818313457e+00 -1.584102022557516776e+01 7.619393058400214969e+00
-1.425096755578878671e+01 -1.677822700244777465e+01 8.321787169528162664e+00
-6.395283099121081172e+00 -1.385815085392066948e+01 1.124823602434053171e+01
-1.192425403216416058e+01 -1.417410629454832005e+01 1.117912234502791868e+01
-3.487464566353034812e+00 -1.297039493508662034e+01 6.800886476193857000e+00
-9.339057023494905962e+00 -9.995733472318065083e+00 1.191313652483983709e+01
-1.506262049246094037e+01 -1.331443141085473769e+01 6.681434909612134376e+00
-4.930666254779568547e+00 -6.402949127349886638e+00 8.594856060080680038e+00
-9.288773150689829450e+00 -6.725731041257041909e+00 1.099501008485649578e+01
-1.348962410955617663e+01 -6.623038488483358854e+00 9.390543125082396969e+00
-5.224788447766327337e+00 -5.332644064724756383e+00 8.024869121647570935e+00
-9.364316966844970835e+00 -4.021482690494321943e+00 9.577655664853244488e+00
-1.324729002669871214e+01 -5.421403329071104338e+00 8.483705351370833370e+00
-9.221947758448456156e+00 -2.787173496404482975e+00 6.338003077858820333e+00
-1.415969029028951631e+01 -7.088058439282813872e+00 6.023336383592299725e+00
-1.430221803462729468e+01 -1.009989149568442635e+01 8.392805231259702126e+00
-1.393136976575143215e+01 -9.806175311333346301e+00 6.901018149871577911e+00
-4.379706749824126888e+00 -7.352931920064974314e+00 5.730960146166304447e+00
-4.159407350634918288e+00 -9.690205273083025261e+00 8.450972531059592896e+00
-4.655234407016359377e+00 -1.009553821430987597e+01 6.812295261725330953e+00
-9.418975962822756287e+00 -2.408866110044166220e+01 7.261119292431280847e+00
-9.276907975386020411e+00 -2.261176980775408296e+01 7.222075096266458161e+00
-9.580573042485809765e+00 -2.198514253842190769e+01 7.206176536074702987e+00
-8.992785255401825495e+00 -2.202516344780960367e+01 7.179340526278417123e+00
-1.047802843187731270e+01 -2.035646590939939671e+01 7.055597590533249530e+00
-8.075984026330893073e+00 -2.017469168155242443e+01 6.997207943058492141e+00
-1.159463805407553316e+01 -1.861264484963336230e+01 7.105857312646447710e+00
-6.994552127367903438e+00 -1.873352484693187492e+01 7.039969709059207936e+00
-1.124782736590599619e+01 -1.770582019113349048e+01 6.650212694055389839e+00
-7.393661504427560871e+00 -1.797119790916655191e+01 6.754104798351353800e+00
-9.493982698844785517e+00 -1.697515052813616876e+01 6.457318872205498828e+00
-8.594211948813152091e+00 -1.702796213161140315e+01 6.412728846807191907e+00
-9.358711358492065813e+00 -1.549665379368279616e+01 6.096943898567278808e+00
-8.344657943598846828e+00 -1.564630388733302269e+01 5.987270026829021319e+00
-1.069766481807572056e+01 -1.455197672174323031e+01 5.920836524972617809e+00
-7.597631027485665101e+00 -1.429072140095265553e+01 5.439637425184277397e+00
-9.083724690097248811e+00 -1.365001537953546773e+01 5.225596845454825612e+00
-9.238273652347663401e+00 -1.291040019854511733e+01 5.899105564319858885e+00
-1.030868097789933024e+01 -9.371025815662946457e+00 4.588519991719356206e+00
-8.229157181135748900e+00 -9.380322188129108341e+00 4.470497620481616252e+00
-1.153015160675656681e+01 -5.641160838539414968e+00 4.004484256972694389e+00
-6.791984289739195546e+00 -5.352366413297217740e+00 3.740358169509405251e+00
-9.120062273534834674e+00 -6.442349323184068943e+00 3.622294508710545813e+00
-9.172031823132083872e+00 -1.686348307576422556e+01 1.093814985233030512e+01
