-9.107665019535369666e+00 -2.429938709340189362e+01 9.382187785773879796e+00
-8.136765456312817335e+00 -2.207422846236346814e+01 9.692557670556023908e+00
-1.031199465113570746e+01 -2.216951955459685308e+01 9.595991452908764430e+00
-6.965669235211334964e+00 -1.831958887149411552e+01 1.056409408663671812e+01
-1.136434046611503312e+01 -1.825350737639038101e+01 1.077068764931088118e+01
-8.611728097296641238e+00 -1.722549666680529512e+01 1.167315794113982541e+01
-9.808910655523149558e+00 -1.736671732141206803e+01 1.171226305926394318e+01
-4.372406766653130106e+00 -1.587812143942691456e+01 7.676143848054099550e+00
-1.396965290204710364e+01 -1.665264484136580592e+01 8.267377080502678055e+00
-6.816462342037166167e+00 -1.364447112328897660e+01 1.112845029714647360e+01
-1.172038419105467533e+01 -1.357289662255224627e+01 1.134579259156944353e+01
-3.866334232495125089e+00 -1.230883129710415957e+01 6.614766370185049205e+00
-9.096919401853286402e+00 -1.086036755013333988e+01 1.144898575343445835e+01
-1.459849369960487131e+01 -1.293103520656630678e+01 7.115434225766522403e+00
-5.101994408502694256e+00 -6.956362722514952246e+00 8.596955358879819542e+00
-9.357176242897653040e+00 -7.118705800661118133e+00 1.049996470721657005e+01
-1.296039727324586011e+01 -6.696646267761547477e+00 8.944531595128140111e+00
-5.526355912499199441e+00 -5.704744542529683216e+00 7.882848561269894638e+00
-9.155750801467416267e+00 -4.247655688131692919e+00 8.946895226495199083e+00
-1.251597274380339897e+01 -5.690356878256161544e+00 8.382203447595506063e+00
-9.609273907284233474e+00 -3.516371206246758696e+00 6.469748434131924242e+00
-1.354795882249096195e+01 -7.460704223398144208e+00 6.025059008165303709e+00
-1.390467625960955900e+01 -1.050478722330047887e+01 8.285176618512043234e+00
-1.357604032773229896e+01 -1.008684330065303136e+01 7.456798858300215826e+00
-4.829819021265201684e+00 -7.606842983589835683e+00 5.756972714496154886e+00
-4.432842263786822556e+00 -1.014396405427936010e+01 7.789639991436816402e+00
-5.027278719410984920e+00 -1.019132768140041634e+01 6.659358769180670379e+00
-9.479047593309752884e+00 -2.331403955840783482e+01 7.140672129415863267e+00
-9.235148644619428637e+00 -2.196653463419280072e+01 6.955990386538616121e+00
-9.442750927113259252e+00 -2.118231896284685334e+01 6.924553932507256704e+00
-8.891115456350679125e+00 -2.117241349943304840e+01 6.983045589493897864e+00
-1.005861218160798920e+01 -1.941906416474505903e+01 6.932620869056836277e+00
-7.956560525070905499e+00 -1.931472027817306980e+01 7.001851932983277571e+00
-1.125591826072278323e+01 -1.837775257665974138e+01 7.128985737131693590e+00
-7.241380072241152988e+00 -1.849231726409679410e+01 6.819941656050751533e+00
-1.100331413146103188e+01 -1.749816174050324236e+01 6.731133957205332585e+00
-7.431261079782597534e+00 -1.766123922013082748e+01 6.565313188849948745e+00
-9.759380171710855478e+00 -1.662557672362094507e+01 6.732372239793327218e+00
-8.800360396256699858e+00 -1.662197924207424649e+01 6.652384433769135796e+00
-9.983804871151619409e+00 -1.544372986051064345e+01 6.355597982019912884e+00
-8.822784002775312828e+00 -1.549021755197172112e+01 6.428074048025614218e+00
-1.092074160752308742e+01 -1.434412617212816343e+01 5.872839662420177298e+00
-7.746242214881375432e+00 -1.416085367236480685e+01 6.045531327277576139e+00
-9.259701228796057393e+00 -1.357612849138588373e+01 5.719218508417516666e+00
-9.313615867432702089e+00 -1.268509796894387875e+01 6.246277610791981516e+00
-9.953036358989988841e+00 -9.452128281213798999e+00 5.163546148898682020e+00
-8.193506464836437075e+00 -9.516758919017124896e+00 4.900641384952622026e+00
-1.118339347264940820e+01 -5.941562757271292128e+00 4.534839598504444957e+00
-7.134867893887820500e+00 -6.109407105392842929e+00 4.424458754824625473e+00
-9.055693650087029312e+00 -6.455793859673020663e+00 4.140923824218623039e+00
-9.221481204031647394e+00 -1.678086696105276587e+01 1.114669752054952667e+01
