-9.009314619240393895e+00 -2.406523238357508987e+01 9.464222610958596960e+00
-8.314323951554644765e+00 -2.183041680717595412e+01 9.773940374520249108e+00
-1.022244438974956537e+01 -2.238181599465425364e+01 9.625706823272443202e+00
-7.329844731719065365e+00 -1.818510702674766932e+01 1.065147063134713434e+01
-1.115940794161214455e+01 -1.823412093857170646e+01 1.063634260430804446e+01
-8.722743066191284811e+00 -1.694523433187749717e+01 1.140014297330954740e+01
-9.967834439684164494e+00 -1.681369940153977893e+01 1.142376276002365643e+01
-4.563771353562942501e+00 -1.597453652285235215e+01 7.756343621069474281e+00
-1.396761836199315709e+01 -1.621622940874043195e+01 8.050727955756793008e+00
-6.766654638692772394e+00 -1.389291925563426844e+01 1.103926384179202103e+01
-1.157600248657493580e+01 -1.379310400478884979e+01 1.108907405904151311e+01
-3.906024689399393068e+00 -1.292938042085369865e+01 6.893489267651116137e+00
-9.578368852164587111e+00 -1.101602125271755739e+01 1.153581816343005606e+01
-1.437960977258628503e+01 -1.285000267394395479e+01 7.212229904088298227e+00
-5.260588347431577105e+00 -6.942864518398631724e+00 8.794826709895648520e+00
-9.783209219327334338e+00 -6.890431305412064944e+00 1.060443462879774223e+01
-1.353949366855709968e+01 -7.124599728637349472e+00 8.899704558742763894e+00
-5.562766425327938080e+00 -5.904502753616033495e+00 8.203048088035147956e+00
-9.412036065053476008e+00 -4.646786575302366273e+00 9.480860574562742116e+00
-1.297363166782667498e+01 -6.040616748633732769e+00 8.175633953433848689e+00
-8.904830768258687357e+00 -3.729045421952338124e+00 6.794943263259801469e+00
-1.367061418693880270e+01 -7.129196031799843958e+00 6.174553063615851656e+00
-1.388649401170061282e+01 -1.024908411522097929e+01 8.577496551828103222e+00
-1.349714780919039647e+01 -1.019701611569704980e+01 7.298049015316788513e+00
-4.883810492962886052e+00 -7.524431523581336378e+00 6.075755054448340076e+00
-4.463364660856113275e+00 -1.039634932551435220e+01 7.593188723107243021e+00
-5.057864770601132598e+00 -1.025980150538174485e+01 6.743284216625427874e+00
-9.101740569053824004e+00 -2.348453216924551512e+01 7.022251029199370720e+00
-9.247523919644342172e+00 -2.193705470019008530e+01 7.157534634898253145e+00
-9.461130382878019773e+00 -2.140864271501670757e+01 7.225122605331282699e+00
-8.898983516909288127e+00 -2.127559808968469568e+01 7.157596552262149636e+00
-1.019146615904520203e+01 -1.989394391082387514e+01 7.142419965002616777e+00
-7.876216796962589584e+00 -1.923080266748689127e+01 7.107501870381460307e+00
-1.136127895110634611e+01 -1.821776966545742482e+01 7.144890064510471817e+00
-6.965818906748364903e+00 -1.817643280646151638e+01 7.046020179202352907e+00
-1.106439201254066163e+01 -1.725468997688256678e+01 6.786995931934361792e+00
-7.391310740188730577e+00 -1.743596981753152519e+01 6.780307652578614785e+00
-9.723134592617419969e+00 -1.655592510380767024e+01 6.738199364102964495e+00
-8.866459725663936808e+00 -1.654133443142072224e+01 6.729321439644200709e+00
-9.919164527780564455e+00 -1.531425705889369304e+01 6.278727923434630043e+00
-8.840208662128448580e+00 -1.530064830599025427e+01 6.317091259006762272e+00
-1.102649816747842060e+01 -1.418453187309462571e+01 5.805818775744649329e+00
-7.847087506144801772e+00 -1.421330852552203439e+01 5.911430925137496573e+00
-9.353341024564608475e+00 -1.376935729321315272e+01 5.726164522435940540e+00
-9.408505132623705691e+00 -1.290490285585820374e+01 6.346829246702510474e+00
-9.977957833294164303e+00 -9.609253745967713201e+00 5.379308222192092259e+00
-8.475690845051897071e+00 -9.771514659693163907e+00 5.269694791531037481e+00
-1.135359148267432516e+01 -6.033199023746655065e+00 4.653235573363842192e+00
-7.233018746992023296e+00 -5.828685898126570564e+00 4.424777021754145778e+00
-9.157728670121585424e+00 -6.402245321764471697e+00 4.051623170919944172e+00
-9.197783215866820683e+00 -1.634991192587531472e+01 1.093637107641905004e+01
