-9.423801995785714425e+00 -2.287557021921097089e+01 1.075568969447682299e+01
-8.121452757265299027e+00 -2.152202128986579410e+01 1.012750899989073794e+01
-1.044306458486474654e+01 -2.160348338194882700e+01 1.004139972064347752e+01
-7.305565975843033577e+00 -1.782496797703424818e+01 1.085292683180431261e+01
-1.086686951948591862e+01 -1.836776036905087039e+01 1.095723747061502706e+01
-8.653003923195411673e+00 -1.659372045796191131e+01 1.144000149244345721e+01
-9.575243428530027856e+00 -1.679206202042400875e+01 1.152424937765782431e+01
-4.007961354503767559e+00 -1.604825408432399669e+01 7.867270059068836474e+00
-1.425495733827965061e+01 -1.648724391029614722e+01 8.175646720021790159e+00
-6.560219200993620881e+00 -1.402906534200240962e+01 1.113442176403389894e+01
-1.193102723789554354e+01 -1.390616436200297201e+01 1.129954875154330196e+01
-3.476818845888416387e+00 -1.280621892973212894e+01 6.791175442651865346e+00
-9.445752350320436364e+00 -1.079801711455636237e+01 1.182495718503671078e+01
-1.499615040807297994e+01 -1.287979986624580775e+01 6.836456714442840088e+00
-4.754553894180538975e+00 -6.991499969070711806e+00 8.846954927770596555e+00
-9.157390530324322597e+00 -6.650738861173273619e+00 1.083640499788905842e+01
-1.372115119319865784e+01 -7.122447851933642937e+00 9.274916358057511800e+00
-5.245913734731003863e+00 -5.601525909323768815e+00 8.114423322446413067e+00
-9.305483906762651358e+00 -4.239439980281315634e+00 9.337081687270259778e+00
-1.330081539259673207e+01 -5.982201574753521101e+00 8.334265826058665283e+00
-9.315918779962068186e+00 -3.508559904209691993e+00 6.411191653140034141e+00
-1.406061697654689091e+01 -7.377624158040196001e+00 6.350421159944881211e+00
-1.415822473312563901e+01 -1.049889225982617624e+01 8.522278982508154854e+00
-1.382255743075487864e+01 -1.038264256736471047e+01 7.048421439325546878e+00
-4.397549973679745428e+00 -7.441146245489577815e+00 5.474857633639124366e+00
-4.327302343894810832e+00 -1.035476683766041361e+01 8.212890888853516813e+00
-4.733047146431169416e+00 -1.025191786072056033e+01 6.558103831823395069e+00
-9.083745855690409599e+00 -2.362024443964760323e+01 8.147618980165869829e+00
-9.251312748113019069e+00 -2.271628374606948952e+01 7.467734183489246114e+00
-9.545144705655195239e+00 -2.188306683892163917e+01 7.403014369448674969e+00
-9.041137712748337663e+00 -2.193203490098708031e+01 7.280664502645390890e+00
-1.038916569772124809e+01 -1.992684161790345598e+01 7.418959401054679326e+00
-7.866603041824299147e+00 -1.959119965009763575e+01 7.227753084311899556e+00
-1.141206352176600269e+01 -1.846796953719002232e+01 7.121986805886200145e+00
-7.100806548718338718e+00 -1.821777616506060937e+01 7.000894125238486865e+00
-1.093274386249603936e+01 -1.762212541561895662e+01 6.502153852226899566e+00
-7.493691293139398191e+00 -1.755954602902672690e+01 6.647696518707026492e+00
-9.473530886025958608e+00 -1.672063474647671555e+01 6.796229957730554716e+00
-8.691889393709750777e+00 -1.670902395579599542e+01 6.742422837875164277e+00
-9.949426243564122530e+00 -1.521217195568369540e+01 6.269386502349875379e+00
-8.770003605787056955e+00 -1.538405193437862195e+01 6.270546829030402058e+00
-1.091231920797383026e+01 -1.428297837816770333e+01 5.696488034012878288e+00
-7.582937661466274903e+00 -1.438405771877403794e+01 5.595483162661651022e+00
-9.229019759078848750e+00 -1.374421762215887100e+01 5.430635624504356329e+00
-9.051651452093388173e+00 -1.281017365534071217e+01 6.098033403754457460e+00
-1.024113653510106658e+01 -9.512850333731142527e+00 4.789765029433877608e+00
-8.493048938672107084e+00 -9.317586160764298242e+00 4.781628133200468866e+00
-1.139054798611583763e+01 -5.921207493727235871e+00 4.131623909696690689e+00
-7.225358776948692885e+00 -6.006516177206068896e+00 4.003994385963894231e+00
-9.238640191019165115e+00 -6.556014900919381994e+00 3.660173333176187427e+00
-9.317642181784520972e+00 -1.580698223039837380e+01 1.108131080352734088e+01
