-9.066362942434768257e+00 -2.422853815274921274e+01 9.686417522058833995e+00
-7.818574975229910962e+00 -2.215231988578111455e+01 9.666746742336899345e+00
-1.006805114038870030e+01 -2.232121430292115960e+01 9.594574141455531446e+00
-7.228392959573822552e+00 -1.868707594245818271e+01 1.100263563631995112e+01
-1.079042549853054744e+01 -1.890941054176582625e+01 1.102018483440246044e+01
-8.648212616479568737e+00 -1.735978712593411544e+01 1.145518980735186787e+01
-9.756040031259713530e+00 -1.734884632637183799e+01 1.160750411843045171e+01
-4.321372676665458101e+00 -1.640517264419998611e+01 7.924004413542918179e+00
-1.402501953719175631e+01 -1.665321941865694555e+01 8.013096147744304787e+00
-6.713865537269160910e+00 -1.380072088599005120e+01 1.132162628515396818e+01
-1.166884365655143441e+01 -1.370246711066637779e+01 1.125026364259121436e+01
-3.542631839292032403e+00 -1.272445207972006109e+01 6.650974174934400907e+00
-9.250148822457489928e+00 -1.075473873106927059e+01 1.165225689406386245e+01
-1.495753308895679901e+01 -1.299292514375208540e+01 6.693449321500613003e+00
-4.881063090133507032e+00 -6.478165392302968506e+00 8.594837019294867986e+00
-9.629805777600306982e+00 -6.785346121896765226e+00 1.053934229079955998e+01
-1.357240230364501521e+01 -7.327715708879235734e+00 9.274308313423183847e+00
-5.262044479690757726e+00 -5.183905867749494689e+00 7.956260445495056288e+00
-9.135601443901535390e+00 -3.745763832221314260e+00 9.227098512075674108e+00
-1.305982483907341418e+01 -5.514145150710736409e+00 8.476467694270748865e+00
-9.527036727508756186e+00 -3.005773618599913100e+00 6.153144083411262955e+00
-1.380216614925421048e+01 -7.285708824676918383e+00 5.894725409819498552e+00
-1.417820204748386637e+01 -1.055238392204717535e+01 8.206674233807541796e+00
-1.381386281100560254e+01 -9.944060260431294651e+00 7.015365071061586910e+00
-4.432940908481962872e+00 -7.199240682756546050e+00 6.203615920674634410e+00
-4.372324768182451749e+00 -1.054873321284131116e+01 8.301146844947806969e+00
-4.839794855852991518e+00 -1.031706946209220277e+01 6.844540025191204080e+00
-9.144433802238486564e+00 -2.427339887058166568e+01 7.149906752362067408e+00
-9.340325402348721440e+00 -2.256144207647369271e+01 7.044788065303261071e+00
-9.592709302294149865e+00 -2.173922167468857225e+01 6.886795534264225083e+00
-9.015248536585501071e+00 -2.171994238123882326e+01 6.842773578722771255e+00
-1.012187407832252539e+01 -2.016527295095489336e+01 6.574614996916388066e+00
-7.892854949974527301e+00 -1.959660670977113028e+01 6.688026392803561926e+00
-1.133765352015768713e+01 -1.900679284372682787e+01 6.500964878646642298e+00
-6.838812497068111007e+00 -1.850984210698343801e+01 6.506530257423245978e+00
-1.103612767367150127e+01 -1.803542771413737711e+01 6.320965476295755003e+00
-7.331825539529741143e+00 -1.782083054238426456e+01 6.383934795479223823e+00
-9.579441315601908258e+00 -1.695250904513223844e+01 6.498188796794891253e+00
-8.744172576712335498e+00 -1.697317075580529178e+01 6.379837856469189106e+00
-9.791459843089821646e+00 -1.536672568994928056e+01 6.037896758469454284e+00
-8.686282511077715540e+00 -1.552947056716218910e+01 6.032719975500974385e+00
-1.106519690424612534e+01 -1.429937550799295565e+01 5.684615288886241125e+00
-7.802220866169600200e+00 -1.428049921581505366e+01 5.803309087168288194e+00
-9.670032482134857332e+00 -1.392144426800020796e+01 5.465233992886263437e+00
-9.538091751627552739e+00 -1.303807538672410438e+01 6.162648100914416283e+00
-9.961918513799602692e+00 -9.086225401588929884e+00 4.563886928309742075e+00
-8.460966329199793634e+00 -9.205771404389377466e+00 4.676185383621772829e+00
-1.159539326336899379e+01 -5.592208853563318982e+00 4.196194976286607314e+00
-6.945064448853917938e+00 -5.623833653934759091e+00 3.944491157008855886e+00
-9.397326056708168451e+00 -6.264786255895611333e+00 3.634059647244041180e+00
-9.231680254194882806e+00 -1.686568752135950433e+01 1.105820163263182110e+01
