-9.223721698794973278e+00 -2.460425532985185626e+01 1.018336875637445083e+01
-7.861920097988127409e+00 -2.229764248306062768e+01 1.001603444545428800e+01
-1.045580361097121802e+01 -2.236416628774767190e+01 9.834706166535127636e+00
-7.073300873419156254e+00 -1.844596075705818805e+01 1.100896702880231715e+01
-1.122960707141131032e+01 -1.834110917652025208e+01 1.097461700381203542e+01
-8.559242748266500556e+00 -1.727457682887296642e+01 1.175564966855378479e+01
-9.870637879526407588e+00 -1.710527110362483327e+01 1.178697939028169017e+01
-4.363436445046768419e+00 -1.642405846859465157e+01 8.286730218851191765e+00
-1.400349046202352454e+01 -1.677227888605662898e+01 8.425248244427608668e+00
-7.002654245466612970e+00 -1.377604307282285667e+01 1.149492731572154547e+01
-1.175640220879690645e+01 -1.331258455971236465e+01 1.132635589710339019e+01
-3.593719897581343137e+00 -1.344703396475368429e+01 6.821600389126365016e+00
-9.338207979954324500e+00 -1.120068609102613877e+01 1.159709892327440528e+01
-1.488785480734368960e+01 -1.337786132995755572e+01 6.999280339873837242e+00
-4.819950798692268279e+00 -6.898146735938323282e+00 8.686660592362512645e+00
-9.333669253890494844e+00 -6.834030373047129459e+00 1.058393593025359181e+01
-1.367553091993693570e+01 -7.016736216115143421e+00 9.023623167072756246e+00
-5.269514697547672100e+00 -5.665303861143892838e+00 8.033275773175088119e+00
-9.348117422930569020e+00 -4.113857771668409491e+00 9.078548423557343483e+00
-1.320723392933654061e+01 -5.873869825220497276e+00 8.279374016836346328e+00
-9.265994718798292951e+00 -3.383812043658721791e+00 6.515243223309052922e+00
-1.399762260649542256e+01 -7.199630566316978175e+00 6.458155260388199537e+00
-1.389774640304842812e+01 -1.074472461894917430e+01 8.632215602440668434e+00
-1.371960745167997864e+01 -1.025593522989504969e+01 7.309622445972127736e+00
-4.601371707613564510e+00 -7.567522074095947460e+00 5.713809416517690920e+00
-4.416100647852413630e+00 -1.043316034922911228e+01 8.251691533161540804e+00
-4.740182804553167983e+00 -1.038729510675110390e+01 7.252516461397937597e+00
-9.119760019994348710e+00 -2.414792828720936768e+01 7.028375336327773226e+00
-9.161257707105040282e+00 -2.262514655485781390e+01 7.276591360084839977e+00
-9.447022673747762056e+00 -2.201219088402590884e+01 7.437178637118890379e+00
-8.934309316541346746e+00 -2.200537224679922588e+01 7.368813096295904863e+00
-1.025954273357825208e+01 -2.028045744380348125e+01 7.255721143246065097e+00
-8.007408707428332661e+00 -1.978713227649005901e+01 7.187327324819424490e+00
-1.143050199137789846e+01 -1.855057056948569283e+01 7.312942001030958039e+00
-7.089353722649976319e+00 -1.853940808985740318e+01 7.076486825680648352e+00
-1.102158713695785330e+01 -1.754973824798386417e+01 6.948232404022938624e+00
-7.465853727101931625e+00 -1.772805927363091172e+01 6.912030065753754116e+00
-9.707101262425133825e+00 -1.654843032904099687e+01 7.021163896558023865e+00
-8.853533613163001803e+00 -1.662402973740586631e+01 6.972431426870799420e+00
-9.967027711623291708e+00 -1.519197303706580371e+01 6.262397568841520545e+00
-8.738231464294969442e+00 -1.536014990426505733e+01 6.389830078959318982e+00
-1.118031010530510017e+01 -1.433299897582594085e+01 5.718779412796908268e+00
-7.704137613698867959e+00 -1.430512605692392114e+01 5.831026083461380516e+00
-9.409136278250549879e+00 -1.387402957289096328e+01 5.767144033533965874e+00
-9.292195640037432369e+00 -1.279222742033489268e+01 6.272895642364014535e+00
-1.024605086320304181e+01 -9.710119726605348944e+00 4.958891544086698744e+00
-8.359399787824127515e+00 -9.649937679183766548e+00 4.894121835501311857e+00
-1.173832988226304508e+01 -5.489177137961265274e+00 4.398648303316882391e+00
-7.034476631849509332e+00 -5.865050417223129031e+00 4.069552345113798708e+00
-9.363879949135821334e+00 -6.435089882528009397e+00 4.092829434188657522e+00
-9.284651940072047083e+00 -1.658927769540702002e+01 1.128905449119737447e+01
