-8.979363656925599457e+00 -2.406725733955992652e+01 1.004024653045989268e+01
-8.196843945976205248e+00 -2.197530267513970159e+01 9.847161402940631802e+00
-1.032487554633456739e+01 -2.206559115281157091e+01 9.855023092431533627e+00
-7.036417702529479179e+00 -1.828145895471057258e+01 1.088208484776726692e+01
-1.099664472927018899e+01 -1.899199555246965332e+01 1.095496705846352015e+01
-8.254078844258598835e+00 -1.725269565385798742e+01 1.169338537485449159e+01
-9.676861945608873583e+00 -1.753117802273328607e+01 1.176233718170976061e+01
-4.389589347402345076e+00 -1.633892493842796156e+01 8.055228969746094592e+00
-1.446516764232055685e+01 -1.576025749019891364e+01 7.838286666362087374e+00
-6.699966921505109418e+00 -1.384928178660626585e+01 1.142384252162076130e+01
-1.208737842858483447e+01 -1.360707020938677125e+01 1.144536218032355990e+01
-3.745156554156629181e+00 -1.261756693972825971e+01 6.772338571696376874e+00
-9.180471068557180203e+00 -1.067156370774879548e+01 1.187458227288841073e+01
-1.481333674414286961e+01 -1.299241502341642907e+01 6.877562634313198586e+00
-4.890522918302243838e+00 -6.315376735540938924e+00 8.488782406563593952e+00
-8.986547101786682035e+00 -6.563935584540322665e+00 1.089601059238256120e+01
-1.349844308522813385e+01 -6.455001014203531895e+00 9.155459231943238407e+00
-5.290625197646320110e+00 -5.180574745595137642e+00 7.929716858712984262e+00
-9.122253747317579098e+00 -3.908894330529037120e+00 9.390912223656265212e+00
-1.311000938818561501e+01 -5.485939260929072248e+00 8.332140498274348772e+00
-8.938911805019444046e+00 -3.189221875116821980e+00 5.929904670068542494e+00
-1.389498592307713309e+01 -7.223209008662397679e+00 5.857314017051713506e+00
-1.409707119483502780e+01 -1.052277659474871818e+01 8.431840957019890226e+00
-1.373904479316451699e+01 -9.844980243731804137e+00 7.021281204180738200e+00
-4.408687883099716487e+00 -7.213781246084849386e+00 5.584867255443986878e+00
-4.349672232737042066e+00 -1.053923934639109206e+01 8.530828099603498416e+00
-4.669119025249593768e+00 -1.020198036860389301e+01 7.023894122309959798e+00
-9.102106139349583458e+00 -2.385697904471463815e+01 7.226936358313311715e+00
-8.980889127218304679e+00 -2.221744530193511480e+01 7.341509977439133472e+00
-9.244820557683846474e+00 -2.149352105566771343e+01 7.274035737254766154e+00
-8.686404193646952265e+00 -2.157927932348477285e+01 7.237822965085047855e+00
-1.017639929941356769e+01 -2.029520990970148375e+01 7.128495344089989416e+00
-7.822572601256335467e+00 -1.986303420894529381e+01 7.162895371482912665e+00
-1.138835909353495701e+01 -1.875885236044361193e+01 7.190838154225350110e+00
-7.102036290411037456e+00 -1.826332952320671765e+01 7.117823079831537392e+00
-1.116375528600661049e+01 -1.763183089412648030e+01 6.755892759652079249e+00
-7.531010903526812683e+00 -1.739785889523798801e+01 6.869097449286928558e+00
-9.928931612257768435e+00 -1.634579570677995264e+01 6.806015202861017244e+00
-9.003995437080376973e+00 -1.624518295066333806e+01 6.757773499531406713e+00
-9.986383901681190167e+00 -1.496784231186104286e+01 6.217821752833268434e+00
-8.676833405814104339e+00 -1.488626057146155546e+01 6.154991455282873503e+00
-1.117875740720990407e+01 -1.435229640059674772e+01 5.915034140905093274e+00
-7.607497132867741207e+00 -1.412841974287983504e+01 5.653871086626306663e+00
-9.324250207131617785e+00 -1.369882007491237808e+01 5.681660086930504505e+00
-9.473669914688837679e+00 -1.309635883330925132e+01 6.264127442017802139e+00
-1.023328928203056165e+01 -9.303695838814356023e+00 4.627273905814107025e+00
-8.120879909442237476e+00 -9.272634886497453266e+00 4.597096161622437727e+00
-1.131192980973790796e+01 -5.947494946474692235e+00 4.003083267620349162e+00
-7.024963681729950338e+00 -5.971450749601483921e+00 3.691090425593902324e+00
-9.053477161924844197e+00 -6.456732490514646372e+00 3.675872382511569114e+00
-9.118583733704385352e+00 -1.693962035547639999e+01 1.133701649037503145e+01
