-9.085983911651183575e+00 -2.447239154451420617e+01 1.014631639910526495e+01
-8.081630692806827554e+00 -2.257290965872396882e+01 9.981799345021475034e+00
-1.048200699226286581e+01 -2.252943562399186561e+01 9.868591167766272321e+00
-7.153579405339920427e+00 -1.868888222074891559e+01 1.103275873086568204e+01
-1.108548252825307578e+01 -1.881961028575944539e+01 1.110908776852480173e+01
-8.736647483294611050e+00 -1.752958372280463095e+01 1.176325719279768123e+01
-9.976333203415322259e+00 -1.764823034994938311e+01 1.182687943256261320e+01
-4.479559578042190182e+00 -1.661765016736954692e+01 7.844156300841192753e+00
-1.429351183345684184e+01 -1.612915041929721127e+01 7.769591266278817798e+00
-6.735580699001540772e+00 -1.381426534800438333e+01 1.112326820449673193e+01
-1.144539065153817070e+01 -1.404223596110118066e+01 1.126423912166942820e+01
-4.096175542754407317e+00 -1.264970303253012496e+01 7.555039662342299955e+00
-9.341006392442491091e+00 -1.022921413168916516e+01 1.139364159780762442e+01
-1.480186698594147465e+01 -1.261199489934895368e+01 6.943767182979719621e+00
-5.275399564769522875e+00 -6.721723565758122021e+00 8.452708091886881547e+00
-9.357748815682485954e+00 -7.076749925733290425e+00 1.061014026421746870e+01
-1.328465876555795866e+01 -6.775380312872233191e+00 8.870449329908732139e+00
-5.672273653052880782e+00 -5.339197407646226523e+00 7.845078250202035086e+00
-9.350526816150228626e+00 -4.108389415413371992e+00 9.204634084782808756e+00
-1.296893041539502356e+01 -5.595762561254866263e+00 8.043781824269450098e+00
-8.919538853752154495e+00 -3.177130832070246491e+00 6.141857178304945819e+00
-1.372797093494382814e+01 -7.231075902909479325e+00 6.313741725002165239e+00
-1.382595013354738533e+01 -1.040657118547707682e+01 8.325123626548757372e+00
-1.339419700590588747e+01 -9.968559395295569558e+00 7.168032018062578281e+00
-4.717089839834410547e+00 -7.240092952460039477e+00 5.976975676231299772e+00
-4.646847780894043822e+00 -1.004285057109487944e+01 8.077081708156219619e+00
-5.246729364823617736e+00 -1.046163169766756695e+01 7.158918995651493589e+00
-9.170961939387675343e+00 -2.422237119325326660e+01 7.873945629965187543e+00
-9.077763670369005666e+00 -2.274492249001918154e+01 7.399435767631171501e+00
-9.369842948789960602e+00 -2.186813675617852937e+01 7.367230780966763426e+00
-8.878451164598132550e+00 -2.183858401208896538e+01 7.308884800276148397e+00
-1.024270694009633331e+01 -1.981060712124816092e+01 7.238189489056446213e+00
-8.042617742266438441e+00 -1.966290539072731747e+01 7.207994474217120029e+00
-1.146674984502228867e+01 -1.863265745358039283e+01 7.279849675418514465e+00
-7.159833929766576510e+00 -1.856621093775860487e+01 7.056541435625350189e+00
-1.111486574981644537e+01 -1.767095138576912561e+01 6.964140901244322279e+00
-7.584894391293651950e+00 -1.776294183140290528e+01 6.883863184430334847e+00
-9.835581561350977609e+00 -1.666206541222847548e+01 6.996562948705577156e+00
-9.017344249792873967e+00 -1.672748413072147500e+01 6.964274137643796436e+00
-9.807301138500857718e+00 -1.520601488868886619e+01 6.299593779932544102e+00
-8.721187809766767884e+00 -1.535022362658335560e+01 6.353954784041389914e+00
-1.102237442679635393e+01 -1.427738605622792356e+01 5.962898721138699010e+00
-7.777333743293446844e+00 -1.405397890883317835e+01 5.869629650247706998e+00
-9.432028196114817575e+00 -1.360246105098132752e+01 5.898872468743001640e+00
-9.432296223651929878e+00 -1.244684572790978372e+01 6.450526328674415666e+00
-1.026044556890973070e+01 -9.351619553479583402e+00 5.186994301864508827e+00
-8.687397314800588077e+00 -9.335478107907011491e+00 5.190903226407390214e+00
-1.147477357621604988e+01 -5.178667021371010648e+00 4.561795996647218132e+00
-7.115071514097262906e+00 -5.532214061862569032e+00 4.412388218947508989e+00
-9.082886699512554785e+00 -5.689226526346926605e+00 4.006235999162550243e+00
-9.315443087656145593e+00 -1.698625261922041574e+01 1.113895532827730506e+01
