-9.052301738714772839e+00 -2.464473085265584018e+01 1.004555003436663618e+01
-8.023758666091733716e+00 -2.255243784707717225e+01 9.473422729982162949e+00
-1.037556587158129240e+01 -2.271452745873252965e+01 9.704101122295575976e+00
-7.140188359645409655e+00 -1.889021220914968424e+01 1.062845966525359209e+01
-1.111229963594195524e+01 -1.871834792594403751e+01 1.081376215708303690e+01
-8.471912219166846114e+00 -1.752889180464628893e+01 1.141313226158777283e+01
-1.007604023603348153e+01 -1.752688682168282241e+01 1.148058512241388307e+01
-4.385546793548213529e+00 -1.636592597966458129e+01 7.886299620676161304e+00
-1.429113339538781169e+01 -1.638086226545371460e+01 8.025093142378567634e+00
-6.685025845614839923e+00 -1.383755259337616650e+01 1.114672824149653962e+01
-1.200436095139276205e+01 -1.382299126309335691e+01 1.109732705460739766e+01
-3.592366524677478079e+00 -1.291471220121339769e+01 6.627407309019520021e+00
-9.212493305517430286e+00 -9.965270410852635763e+00 1.138480253023202060e+01
-1.493437642843368707e+01 -1.292110942087505343e+01 6.992424096962813529e+00
-4.825700559280443613e+00 -6.467879310205701948e+00 8.642891372746346335e+00
-9.537505372278561211e+00 -6.854782865336066067e+00 1.061412333126704333e+01
-1.363573646971582498e+01 -7.100085930254715905e+00 8.931239232694125008e+00
-5.390452345551036473e+00 -5.309013563582958284e+00 8.279688570288270100e+00
-9.294795145043590168e+00 -4.269679717257560903e+00 9.359802918092912094e+00
-1.292084265914090402e+01 -5.533580295482784628e+00 8.170419665834248946e+00
-9.412742869884757724e+00 -3.196662685302810836e+00 6.492086388698532495e+00
-1.382545054741013679e+01 -7.438617173050613651e+00 5.786710967854809873e+00
-1.426278293128837227e+01 -1.020634021511927259e+01 8.541275277862990123e+00
-1.384957951747668403e+01 -9.871119912335839075e+00 6.922353906637462195e+00
-4.404061336690612727e+00 -7.015603441365795945e+00 5.811415380813929055e+00
-4.063840369906113636e+00 -1.004583017227856345e+01 8.207866030917966071e+00
-4.639737617011031823e+00 -1.006857067742595113e+01 6.844376525026904190e+00
-9.175527785491757626e+00 -2.429456580891820394e+01 7.017877118824614513e+00
-9.146772789765304168e+00 -2.289022636981066228e+01 6.915560921358873792e+00
-9.425165563851107819e+00 -2.188368780994440499e+01 7.117776618659759080e+00
-8.894704961201790994e+00 -2.202245100112401843e+01 7.166085540957436884e+00
-1.015831991623406161e+01 -2.009407606585418549e+01 7.017241712940069043e+00
-8.096845691949891233e+00 -1.990500178869136860e+01 7.099281720590715494e+00
-1.127240343856491123e+01 -1.861079146595037415e+01 6.900684001300156467e+00
-7.128961564004820950e+00 -1.859632989288028782e+01 6.831237945689375479e+00
-1.104475593651184795e+01 -1.758026235221763045e+01 6.673167406599807450e+00
-7.519680503417776940e+00 -1.782670281469634688e+01 6.628158765571940947e+00
-9.858057798480288625e+00 -1.680021015940063478e+01 6.909819565553885212e+00
-9.013846566405224081e+00 -1.685884360241826840e+01 6.770967922648594595e+00
-9.952588025123432658e+00 -1.516245873813507572e+01 6.449822443012255491e+00
-8.921309511761714717e+00 -1.536361744229153992e+01 6.344106430508311689e+00
-1.102347085755261880e+01 -1.417298385559401552e+01 5.913229763204412848e+00
-7.944487234100501283e+00 -1.415687116431381121e+01 5.664982322817458282e+00
-9.522210848556280638e+00 -1.369625005456333255e+01 5.654998637505161518e+00
-9.683801580781064899e+00 -1.273772216506102772e+01 6.300938045984292302e+00
-1.018778690840375489e+01 -8.979375117540971729e+00 4.809067659174147025e+00
-8.487708071659787024e+00 -8.953203944008267356e+00 4.812642212489302018e+00
-1.145680269259494999e+01 -5.795967073744327180e+00 4.367989828524178719e+00
-7.143656289614282784e+00 -5.511524922663972426e+00 3.968176822074884313e+00
-9.348225511970770896e+00 -6.006946247172374242e+00 3.685203725858080759e+00
-9.337364674539628595e+00 -1.690567951855803841e+01 1.082869840990322885e+01
