-9.222735740023283668e+00 -2.502522822829520877e+01 9.935985068764850325e+00
-7.808613759658172171e+00 -2.271873785360021003e+01 9.797347702009542303e+00
-1.035456962197287112e+01 -2.289320823417435591e+01 9.955485587119344615e+00
-7.205937850339256379e+00 -1.863237235402853997e+01 1.135729034563058271e+01
-1.110181613749110241e+01 -1.871702765126391910e+01 1.139434005317471765e+01
-8.499060541741066288e+00 -1.764893510282573175e+01 1.177062876680469472e+01
-9.772114122476599718e+00 -1.780159610681039339e+01 1.174045167699554781e+01
-4.070021657794080205e+00 -1.638748146382243931e+01 8.263969991937932136e+00
-1.450756365891486688e+01 -1.590457759302102936e+01 8.284023785320771438e+00
-6.705318205648389984e+00 -1.375365237581696576e+01 1.095598140054219805e+01
-1.149566887027071793e+01 -1.381304780775233354e+01 1.120293195904290151e+01
-3.261106823181238124e+00 -1.339609117806062599e+01 6.688902828518694221e+00
-9.288441395875072004e+00 -1.067902105942565072e+01 1.137919052776806694e+01
-1.517403979665395042e+01 -1.308206399736602243e+01 6.946338295364610005e+00
-4.827293759390868466e+00 -6.627713165416686536e+00 8.607477037580594015e+00
-9.697533153573525411e+00 -6.673342516735650598e+00 1.058334182667175227e+01
-1.356455302553885112e+01 -6.745565707220382734e+00 9.071262413397024105e+00
-5.194026670949331681e+00 -5.330029139742415545e+00 8.005511558195687272e+00
-9.252914417085248644e+00 -3.802507741733720525e+00 9.366939089981450195e+00
-1.327236876555544143e+01 -5.372843229983960356e+00 8.000513517651908657e+00
-9.597811782003903502e+00 -3.106839545343843767e+00 6.452044176847348211e+00
-1.401367036689989476e+01 -7.417519205516239111e+00 5.990104555090301375e+00
-1.409748248503227863e+01 -1.039214467146079990e+01 8.330245582943291538e+00
-1.371598778686644238e+01 -1.010135751491528389e+01 7.061584618630465826e+00
-4.373117274211105965e+00 -7.253089690372936715e+00 5.753648076444618731e+00
-4.211289995432464295e+00 -1.026102471944689043e+01 8.223118103895259878e+00
-4.615454933696309325e+00 -1.022902236561387390e+01 7.008749792243521348e+00
-9.286620540444779692e+00 -2.455294603332601255e+01 7.196898966524433838e+00
-9.327801478739887742e+00 -2.292149324435623470e+01 7.250608596960094410e+00
-9.668261628902760307e+00 -2.214140062936963460e+01 7.286668303652659162e+00
-9.043565733667586315e+00 -2.221575523227126325e+01 7.138378435612139583e+00
-1.036033772285415289e+01 -2.040766171222328396e+01 7.035826620482620974e+00
-8.050175814787417394e+00 -2.040186758412158952e+01 6.893341084690494114e+00
-1.160333853061337095e+01 -1.876274927438820939e+01 7.060306321471730762e+00
-6.942083833012181238e+00 -1.910223339977114776e+01 6.977315029064140361e+00
-1.123483014198060737e+01 -1.773127195654198118e+01 6.671432133926662900e+00
-7.309705606130183497e+00 -1.833782613829266950e+01 6.848489022626612410e+00
-9.629745426877045489e+00 -1.688212365772985279e+01 6.809850276037789918e+00
-8.702165251346453800e+00 -1.704141357794605938e+01 6.790569579454427185e+00
-9.666246763422440935e+00 -1.524620697483280729e+01 6.200362531288209134e+00
-8.394066822473002176e+00 -1.542217795605562358e+01 6.104057753291900035e+00
-1.102666873452550433e+01 -1.427099324597038077e+01 5.696869212203418797e+00
-7.381875610186066972e+00 -1.427089632427021648e+01 5.415060632618923897e+00
-9.170922825609219231e+00 -1.356157474728926715e+01 5.301090304386305796e+00
-9.209082801160210607e+00 -1.283436948289621604e+01 6.086424598395366203e+00
-1.045655161632827301e+01 -9.387002712003765126e+00 4.727500551138617446e+00
-8.666170959405604890e+00 -9.264239677230118986e+00 4.763666927360402426e+00
-1.121250514052717406e+01 -5.188990987884057660e+00 3.993804775807211271e+00
-6.861242631861074415e+00 -5.937154988383459120e+00 4.068910847137622966e+00
-9.134518165416853464e+00 -5.575691255411674874e+00 3.507507491288715418e+00
-9.139061663555075654e+00 -1.712438493386570570e+01 1.120749648270913212e+01
