-9.180076097383901512e+00 -2.345239170576436294e+01 9.543668998089827937e+00
-8.159717205253190997e+00 -2.127986388580767496e+01 9.852262867790861023e+00
-1.021311997584916753e+01 -2.206455575018456372e+01 9.696655234755041874e+00
-7.130296288168095131e+00 -1.815255008101147993e+01 1.078536116991222826e+01
-1.113729357563540745e+01 -1.811826969033548451e+01 1.077827943493505458e+01
-8.766449614527964229e+00 -1.661046959896774666e+01 1.154365857179584509e+01
-9.944362971017206121e+00 -1.648424594559865142e+01 1.147109398305391004e+01
-4.334272925986205394e+00 -1.578494783035433002e+01 7.591595040327116628e+00
-1.397512271360916714e+01 -1.657916695333981849e+01 8.169880368075210342e+00
-6.846413077782663059e+00 -1.379618007653698442e+01 1.135797742813990574e+01
-1.180090106619566193e+01 -1.374310392327450714e+01 1.106648511197967544e+01
-3.863777565701123962e+00 -1.324214543228253405e+01 6.683592246505123846e+00
-8.906644279405647069e+00 -1.097226631976652556e+01 1.168127687551827698e+01
-1.463157864271855502e+01 -1.271877155419455185e+01 6.839571402464953209e+00
-4.863297146836308649e+00 -6.985913457804605819e+00 8.673051466385004460e+00
-9.614286095643256758e+00 -7.006975030690532513e+00 1.068821970277273614e+01
-1.365565726792945256e+01 -7.388982513756044312e+00 8.993037520739335378e+00
-5.377965917078089575e+00 -5.712166773935212660e+00 8.199691024438436671e+00
-9.187205496099403845e+00 -4.310464424949500106e+00 9.340342757259554318e+00
-1.302959555089667809e+01 -5.741655641769948915e+00 8.303668191124955911e+00
-9.680907483147077386e+00 -3.905119849957001676e+00 6.710747721333270022e+00
-1.385322410328945608e+01 -7.492724599860212109e+00 6.399297696407124647e+00
-1.397696763655334173e+01 -1.044970919276626375e+01 8.346100027509887553e+00
-1.354291541037397195e+01 -1.014100422472357366e+01 7.072880346422461884e+00
-4.637295764978961898e+00 -7.646152222060917936e+00 5.838474561369620730e+00
-4.394984380777728461e+00 -1.034486432743896600e+01 8.143988865338927852e+00
-4.834749139406333995e+00 -1.026941532366461729e+01 6.987791787880681227e+00
-9.242024566931506868e+00 -2.303100404463882711e+01 7.423680033943995227e+00
-9.035436367833398208e+00 -2.148296048159039273e+01 7.294041509911661336e+00
-9.327686864378462062e+00 -2.077321547329741946e+01 7.206205843546862333e+00
-8.826387997779814754e+00 -2.086090421918170534e+01 7.167528750461711340e+00
-1.049506537889674540e+01 -1.962937149184802621e+01 7.098969035327618471e+00
-8.271938751458209893e+00 -1.956003214646641553e+01 7.156848184715823180e+00
-1.158395394231523490e+01 -1.847464202577983983e+01 7.087786913169420444e+00
-7.014220221450868209e+00 -1.868767386238727823e+01 6.932908601698505535e+00
-1.131317396547042975e+01 -1.752826167735190310e+01 6.792262536636397563e+00
-7.566860362382790584e+00 -1.781045290108919588e+01 6.781379762899772956e+00
-9.924530587611227972e+00 -1.644064510510730059e+01 6.684071344775784240e+00
-9.134786052276211876e+00 -1.653224955528169815e+01 6.746018229158847745e+00
-9.733138695995123157e+00 -1.498438174984925375e+01 6.154696868630457729e+00
-8.683482353794957476e+00 -1.509671750438713822e+01 6.308640411468061870e+00
-1.084209265435449865e+01 -1.421758663133618583e+01 5.747280335850550870e+00
-7.659040287897365573e+00 -1.399958413700125170e+01 5.803461591039891232e+00
-9.177180233106371432e+00 -1.362144356697803538e+01 5.545077382284143042e+00
-9.264665863936103918e+00 -1.309161998840133556e+01 6.328911200754287592e+00
-1.010882152968569514e+01 -9.884101855688596672e+00 5.000467968533656382e+00
-8.229916282204822409e+00 -9.728679964394450153e+00 5.095340533121575533e+00
-1.143224118178643778e+01 -6.409037526901607329e+00 4.446709439548978793e+00
-6.583347527209292949e+00 -6.514755947817103099e+00 4.394281548143029958e+00
-9.156291185328811366e+00 -6.887871464315107772e+00 4.138982133384383921e+00
-9.216424191824009071e+00 -1.623581537661260299e+01 1.108634184694849978e+01
