-9.334045923852526627e+00 -2.374002879150225453e+01 9.685833636977029926e+00
-7.633346002305687605e+00 -2.178784931714161033e+01 9.767111577615530393e+00
-1.011750281273015872e+01 -2.193854579112704783e+01 9.903098972730772331e+00
-7.448334126065677019e+00 -1.870470463548688045e+01 1.126612799719399050e+01
-1.125595018398871794e+01 -1.868075260288967243e+01 1.105848346967018614e+01
-8.962488802083496964e+00 -1.775688078182558982e+01 1.163250408959342863e+01
-1.024489026442651785e+01 -1.760512621793768062e+01 1.157530015567725101e+01
-4.360161570594163649e+00 -1.635128384327727602e+01 8.028835274491168406e+00
-1.439851893186733101e+01 -1.646681510036453844e+01 8.257739133733986492e+00
-6.724234450550806486e+00 -1.373224541595413228e+01 1.108442048396195823e+01
-1.187855478989942881e+01 -1.383935805952589781e+01 1.110494824877094544e+01
-3.663197374213952973e+00 -1.288024997074899147e+01 6.631270492848813980e+00
-9.402591166696563363e+00 -9.957746446333334944e+00 1.147382293695873123e+01
-1.496468850353613078e+01 -1.280776770724897418e+01 6.615705568719157270e+00
-4.932886807334976531e+00 -6.371661397329871690e+00 8.537301768591740725e+00
-9.300976704638006964e+00 -6.734461976599298794e+00 1.059443701619864697e+01
-1.377943488631744806e+01 -7.077584477663760865e+00 9.254191962135578819e+00
-5.456421683590107818e+00 -5.043760701367202337e+00 7.894962218080126881e+00
-9.390167036690634461e+00 -4.083612526172924362e+00 9.656515914480817031e+00
-1.311409988921623082e+01 -5.564553723304569210e+00 8.453867710722690276e+00
-9.335647601588217270e+00 -2.986760908947048154e+00 6.625531000282796512e+00
-1.394338964502652445e+01 -7.277218329944722619e+00 6.043969714348596867e+00
-1.422479544785256067e+01 -1.033573266892720355e+01 8.623236481520555330e+00
-1.388404771092226930e+01 -9.714626867689425183e+00 7.445846115273521804e+00
-4.412407658932483656e+00 -7.567512946342002778e+00 5.821567469275225726e+00
-4.349711276206151389e+00 -1.049543946185296228e+01 8.598115835269897644e+00
-4.855469530788572463e+00 -1.031219003022498626e+01 6.853860400693500665e+00
-9.291543151035334347e+00 -2.310721805291491293e+01 7.467234126676828510e+00
-8.979959335554390520e+00 -2.151248635207702975e+01 7.432924748408844096e+00
-9.209895672398515032e+00 -2.092210350034440935e+01 7.269930975264202289e+00
-8.679077376427612123e+00 -2.097712457772736627e+01 7.307303768345789763e+00
-1.032358617786864663e+01 -1.964991308709801743e+01 6.920356611315938267e+00
-7.942457200638934012e+00 -1.946591883487409902e+01 6.980245467922718383e+00
-1.183567371697249193e+01 -1.826268785672738559e+01 7.068361476093729223e+00
-6.930904805896463294e+00 -1.825414804237706790e+01 6.749814515658776770e+00
-1.152086804926214469e+01 -1.741425892366536843e+01 6.615654640889450100e+00
-7.344197505859958675e+00 -1.746713504301700937e+01 6.579531350324715255e+00
-1.000253733640308518e+01 -1.686905188376407949e+01 6.875426015141354874e+00
-8.984366837473865885e+00 -1.686322341102099998e+01 6.849918844712464150e+00
-1.009430851302508714e+01 -1.526005288121832493e+01 6.623712843177802512e+00
-8.812868713716589752e+00 -1.539526947935298651e+01 6.684081166465537294e+00
-1.121072578923775609e+01 -1.414418409049521763e+01 6.030655816675947634e+00
-7.578539721399069506e+00 -1.408821446173480396e+01 5.996643504682258374e+00
-9.367292437892700718e+00 -1.382945269218643247e+01 5.824606463661344158e+00
-9.491119360629220125e+00 -1.269584048460444237e+01 6.066322244955641985e+00
-1.045636596134575491e+01 -9.282666937927132267e+00 5.034789195872656720e+00
-8.486051222634529267e+00 -9.140424949318241232e+00 4.841223704993566024e+00
-1.176210645263396692e+01 -5.795328776479736987e+00 4.452474823643660429e+00
-7.263062090302272011e+00 -5.779357500238994305e+00 3.975482101475200203e+00
-9.522547229099584953e+00 -6.204543091317521686e+00 3.710752054678868372e+00
-9.560137501708183549e+00 -1.695048272110367549e+01 1.103132281381640922e+01
