-8.970004105594915345e+00 -2.529684819528760187e+01 9.721908722685389748e+00
-7.821227068972565810e+00 -2.378833893243537645e+01 9.516413516381291515e+00
-1.011221651447401371e+01 -2.326192528870127063e+01 9.898450414697501643e+00
-7.301644176716400203e+00 -1.902971477044136961e+01 1.097025610970232634e+01
-1.106034593995862103e+01 -1.901113092685912775e+01 1.114088039894251736e+01
-8.550700690975119755e+00 -1.769433573313090591e+01 1.183437976934632729e+01
-9.869821703128828005e+00 -1.747170536516980022e+01 1.184690214102177741e+01
-4.164137316266186772e+00 -1.604555074919549895e+01 7.580926343938521939e+00
-1.409864424280356410e+01 -1.629989572176756241e+01 7.681601555929177039e+00
-6.582244827356664274e+00 -1.381749841799817347e+01 1.144098562409250697e+01
-1.172743522073677624e+01 -1.348768468460063907e+01 1.149682104310033637e+01
-3.392425634813198698e+00 -1.267262604055266628e+01 6.448526240605022330e+00
-8.940040502398026945e+00 -1.019120437351463870e+01 1.151383734270264370e+01
-1.489236212344052390e+01 -1.278583438986214027e+01 6.366666906459330200e+00
-4.891867553103011801e+00 -6.212110504869198913e+00 8.355164306388546791e+00
-9.242014608242328677e+00 -7.162512518591551469e+00 1.084168563512304395e+01
-1.376785590088429068e+01 -6.996389333327300619e+00 8.840248605171957763e+00
-5.497851313370782478e+00 -4.774108841399850256e+00 7.910153173582985531e+00
-9.490846759688558620e+00 -3.869011478167330154e+00 9.592915868689576797e+00
-1.322762614980557316e+01 -5.536078969025798102e+00 7.898130078409741905e+00
-8.933807380641290763e+00 -2.670571084150601848e+00 6.904810957132736959e+00
-1.401973376093115675e+01 -6.987335879631649149e+00 5.460711423653983765e+00
-1.422304649748592631e+01 -1.008340207395128196e+01 7.633320562990200564e+00
-1.369456223687647878e+01 -9.633628295492735916e+00 6.348708006379960800e+00
-4.557294129067136268e+00 -7.310259090384506386e+00 5.247721683114141555e+00
-4.068702067253746613e+00 -9.910691472604415964e+00 8.041178643208416688e+00
-4.591947140369182279e+00 -9.520529586956975265e+00 6.688190583525982724e+00
-8.825192866229448541e+00 -2.487459602261130343e+01 7.488349398055868633e+00
-8.907994790860145784e+00 -2.327818281718284865e+01 6.961043488056767536e+00
-9.207992700729986879e+00 -2.249500822258873711e+01 6.852938807618572881e+00
-8.702414590497035363e+00 -2.239776096877752565e+01 6.743030171276167550e+00
-9.925761206259842595e+00 -2.068718749629723774e+01 6.744255977353555309e+00
-8.065434879922889877e+00 -2.024963956483631478e+01 6.497829281717384831e+00
-1.097194922723981136e+01 -1.981026005835560966e+01 6.894109048076478174e+00
-6.898575480510225510e+00 -1.943171336012356321e+01 6.884109725600147556e+00
-1.076295952079280838e+01 -1.800594728823534751e+01 6.731571611343245110e+00
-7.592212926879022383e+00 -1.789617497070372565e+01 6.711877335555270996e+00
-9.664143592283398476e+00 -1.649942834142367332e+01 6.696163279558234649e+00
-8.849898629548439644e+00 -1.657602563080126146e+01 6.778283243603352659e+00
-9.557224085253427148e+00 -1.495829432503130185e+01 6.227636639430683019e+00
-8.520142443066628601e+00 -1.523322261736540995e+01 6.251966905258209195e+00
-1.042322849294315645e+01 -1.407318324988924552e+01 5.716181854417168751e+00
-7.585634233011685268e+00 -1.432455784281345679e+01 5.752229598421346068e+00
-8.994923135459774954e+00 -1.342324430679424196e+01 5.450211446288113493e+00
-9.059442883748513253e+00 -1.272430997474178049e+01 6.182897471236328713e+00
-1.016741689980915453e+01 -9.259635730504161444e+00 4.571813565536016810e+00
-8.430928415236520479e+00 -8.914326231025373914e+00 4.951931007727139900e+00
-1.166241218567116888e+01 -5.180655206966441995e+00 3.900903778687542900e+00
-7.256333367916265153e+00 -5.387071396417723257e+00 3.650737569830877050e+00
-9.426105758280799662e+00 -5.640783186525199611e+00 3.355839012234955732e+00
-9.389669816482625109e+00 -1.635199070795812659e+01 1.138397100938206208e+01
