-8.857576875634618929e+00 -2.507814657172890804e+01 9.418302087979515846e+00
-7.817801559185646454e+00 -2.337472989857738881e+01 9.060774227264122516e+00
-1.014685527531273124e+01 -2.303680307031097385e+01 9.605337666200485458e+00
-7.221093008761384269e+00 -1.901666376794767288e+01 1.087191717159337756e+01
-1.091070668686334599e+01 -1.915131462824159314e+01 1.097255059416132461e+01
-8.133291930589074070e+00 -1.755417541562869843e+01 1.160386433690819530e+01
-9.621098295550657653e+00 -1.772169576553273984e+01 1.173786101740748400e+01
-4.228325144619457632e+00 -1.647608108217946921e+01 7.823029351078025329e+00
-1.423359967223840350e+01 -1.603037032875139190e+01 7.358560228165066164e+00
-6.743519419689254057e+00 -1.408777781500773330e+01 1.143086265270755852e+01
-1.185457092923775946e+01 -1.381182286898868128e+01 1.116594989925381221e+01
-3.664593731351282635e+00 -1.323778659148759296e+01 6.590706704867884902e+00
-9.336241934059573921e+00 -1.054109201163881515e+01 1.158675736653335342e+01
-1.489796449545599621e+01 -1.295753090024947340e+01 6.508477998588625191e+00
-4.896381040422066455e+00 -6.477739401443717071e+00 8.740324580019070311e+00
-8.977774782347610838e+00 -6.959428491280368334e+00 1.082251492573272600e+01
-1.338355353178847906e+01 -6.631484993507513970e+00 8.881373311710941465e+00
-5.304340501787162765e+00 -5.102249137818593461e+00 8.222430389804188167e+00
-9.303339662979947633e+00 -3.956856209532478630e+00 9.587367859220071509e+00
-1.315827175047290787e+01 -5.318509174241084381e+00 7.919268561827287556e+00
-9.002123912736101019e+00 -2.652443401964585501e+00 6.507091152599546291e+00
-1.406397928614973658e+01 -6.901366439623484617e+00 5.969610805912614282e+00
-1.427764963535778264e+01 -9.929833407059037498e+00 7.708292673051112764e+00
-1.391450797513004289e+01 -9.410074627780026901e+00 6.436814431906338285e+00
-4.454467992664618237e+00 -7.352851484363386092e+00 5.416496669747301596e+00
-4.049899716379833592e+00 -1.008393702506872458e+01 8.289409665569893448e+00
-4.651080641513477332e+00 -1.005447964586395315e+01 6.956281054439149791e+00
-8.806525484164959394e+00 -2.472977218698549962e+01 6.933718467657222106e+00
-9.156571112886563668e+00 -2.262415620387554682e+01 6.790078755094215879e+00
-9.475446041637889394e+00 -2.182020968385225856e+01 6.727258427266313845e+00
-8.832503816550403286e+00 -2.185730078642371410e+01 6.762243114907507291e+00
-1.004903501760223605e+01 -2.011023727024394603e+01 6.562329595216358058e+00
-8.011396483891875420e+00 -2.016327237458952837e+01 6.813741088944954782e+00
-1.119784637503437175e+01 -1.922055331137958589e+01 6.679500196767557796e+00
-6.832699380221224139e+00 -1.942640664239568693e+01 7.024024614932648625e+00
-1.072818130401922332e+01 -1.783017800411819564e+01 6.412861340984812308e+00
-7.495561495726452250e+00 -1.837250756593382306e+01 6.658850279815559325e+00
-9.449827081114834826e+00 -1.701138919166393748e+01 6.583324991293857842e+00
-8.693259942565738640e+00 -1.709275294471582640e+01 6.713817507096852211e+00
-9.733029425212169627e+00 -1.555065644987716311e+01 6.338184222460372830e+00
-8.554259677789778138e+00 -1.540537678384400166e+01 6.251070972359765499e+00
-1.084523599047149744e+01 -1.482030676828645355e+01 5.995512150025598785e+00
-7.468298369065269782e+00 -1.431817156063427987e+01 5.701206468485338519e+00
-9.115373997379490945e+00 -1.359462469276335206e+01 5.558960728527256201e+00
-9.182439558894998299e+00 -1.270615983419726724e+01 6.137100892751771397e+00
-9.999069384568233687e+00 -8.919242463763765727e+00 4.633202599877296990e+00
-8.411667646829648959e+00 -9.087261927849196397e+00 4.765684082371191010e+00
-1.175575688142814990e+01 -5.435258259367613753e+00 3.879561771647788593e+00
-6.602062035246961891e+00 -5.618750253828904029e+00 4.202869571646815849e+00
-9.247793695893054888e+00 -6.163357534311466601e+00 3.516664473046269723e+00
-8.921198513334696045e+00 -1.674041530599622973e+01 1.132549590128319039e+01
