-9.007481225224800880e+00 -2.500083718280321676e+01 9.084313953362393335e+00
-7.968704395150599140e+00 -2.314224202216026782e+01 8.953603534054421331e+00
-1.024055669034306248e+01 -2.311249376754543050e+01 9.079881412425978127e+00
-7.194789490606908089e+00 -1.883299515811693681e+01 1.048082651253086262e+01
-1.078627382503331766e+01 -1.858490020743763083e+01 1.093130742407844735e+01
-8.301914960458539383e+00 -1.748661625327856939e+01 1.145841936005966843e+01
-9.572283866363278548e+00 -1.762611075670878336e+01 1.153686773925437947e+01
-4.031412894765452393e+00 -1.598644860201969031e+01 7.533833607570532109e+00
-1.455747964224642743e+01 -1.564439192322388905e+01 7.667182352986277927e+00
-6.389651413453830919e+00 -1.381614868689845288e+01 1.122805423879749398e+01
-1.166165189460978979e+01 -1.379934301204068703e+01 1.151867184282861878e+01
-3.515955574508764947e+00 -1.304026389575804856e+01 6.625619101036786418e+00
-9.177184227394073801e+00 -1.013919283108154268e+01 1.140195410549631561e+01
-1.502072931455146687e+01 -1.270332824954569517e+01 6.777260066507867720e+00
-5.019151020174630773e+00 -6.643206782171017011e+00 8.470548995756839616e+00
-9.242447867500633407e+00 -6.939561476945417695e+00 1.056502429683270883e+01
-1.338804865694500990e+01 -6.650687110751572817e+00 8.306516654125060128e+00
-5.730075573914442444e+00 -5.144799219070105956e+00 8.007132666508967489e+00
-9.533461558135643443e+00 -3.957278442737922397e+00 9.537945658235006618e+00
-1.309806982706804312e+01 -5.702678174691530266e+00 7.524454106404924403e+00
-9.021065439187685442e+00 -2.916393228928781500e+00 7.174186315445078677e+00
-1.391796462814424551e+01 -7.380741878413385137e+00 5.568931076419785242e+00
-1.406842475155306182e+01 -1.010588161240235650e+01 7.861171891526037570e+00
-1.365584398816840306e+01 -9.888929290953885953e+00 6.670492706880555289e+00
-4.776149375741712610e+00 -7.413867598176887341e+00 5.469098872558680213e+00
-4.224195195963901028e+00 -9.984293846906677317e+00 7.728630562230391909e+00
-4.713568432398482777e+00 -9.777499634966510200e+00 6.633300000694766219e+00
-9.321115916703202942e+00 -2.468570727406162035e+01 6.666683596419488822e+00
-9.100000476719987574e+00 -2.270667396779748870e+01 6.787034626505648482e+00
-9.346583473399185493e+00 -2.180792200643340450e+01 6.699129039899495375e+00
-8.751990568921607760e+00 -2.190037898385771697e+01 6.810097301933413227e+00
-1.003801918136249860e+01 -1.997650471892843171e+01 6.692848417624292168e+00
-8.126939861874083348e+00 -2.041968383947019916e+01 6.734101954895480802e+00
-1.124561539064159277e+01 -1.925282452972889047e+01 7.041151224720042734e+00
-7.146078419417634109e+00 -1.962793457874021996e+01 7.176393932060280534e+00
-1.077899132696626161e+01 -1.802740182843243133e+01 6.888751670433024721e+00
-7.800883436296018658e+00 -1.815369470388859696e+01 6.507083644746886719e+00
-9.758268962303731087e+00 -1.692959661931394066e+01 6.714608498389615932e+00
-9.013799543633407296e+00 -1.696727374478872008e+01 6.645273423336892193e+00
-9.654294773513402816e+00 -1.536892602077332448e+01 6.221211505925095864e+00
-8.537153682325289594e+00 -1.568605934361395882e+01 6.127105007358562005e+00
-1.059670712607790932e+01 -1.401951544166678687e+01 5.937814148249717761e+00
-7.620827381059865679e+00 -1.453538245206794954e+01 5.873161769909879482e+00
-8.859737535270376441e+00 -1.349778828969863298e+01 5.679950764680325115e+00
-9.372766976446067488e+00 -1.274208410369635303e+01 6.181282476890006983e+00
-9.980169274026808424e+00 -8.899804652350724155e+00 4.674846733517412645e+00
-8.450888270927222834e+00 -8.827376036671537918e+00 4.847213974523311819e+00
-1.154067800055687343e+01 -5.319033423339144306e+00 4.364402369415354421e+00
-6.701068718279260317e+00 -5.331623648109177438e+00 4.043718423651664118e+00
-9.387098036180770322e+00 -5.715069433018983069e+00 3.402896063380300262e+00
-9.008081995556631583e+00 -1.664545834976034300e+01 1.091635596800086105e+01
