-9.050448292552015772e+00 -2.516317793631879240e+01 9.457039354502972728e+00
-7.845895038952543921e+00 -2.336455849281385611e+01 9.429694209617659695e+00
-1.017010551716188438e+01 -2.306798392117906715e+01 9.858367223602652274e+00
-7.149700728474048361e+00 -1.906292792331717578e+01 1.100964603265401820e+01
-1.134458651184298006e+01 -1.893996033636532061e+01 1.096718317728876357e+01
-8.642380533936133702e+00 -1.772540687429457762e+01 1.163980003161907106e+01
-1.014364603444714952e+01 -1.757938105782308469e+01 1.166766325552515937e+01
-4.062948478686127629e+00 -1.580642676374671929e+01 7.653100954432882297e+00
-1.445245305503485511e+01 -1.600431665598476982e+01 7.549837230313244163e+00
-6.639452859846012522e+00 -1.401551277818051844e+01 1.141156258073662677e+01
-1.178652882174115391e+01 -1.400211026276864246e+01 1.152788639159077633e+01
-3.473432305068250958e+00 -1.284236443352563128e+01 6.520526721227389189e+00
-9.507856494419170801e+00 -1.048758219702807182e+01 1.166340607998702339e+01
-1.495499505205732049e+01 -1.269763740077044822e+01 6.709426072148920284e+00
-4.747843778518111790e+00 -6.245668308170978733e+00 8.252191493209799944e+00
-9.256551906242043160e+00 -6.548757318629320423e+00 1.079530122917239154e+01
-1.347630114574579174e+01 -6.637002283297295691e+00 9.122254238926423398e+00
-5.157153015825925557e+00 -5.018072182286580585e+00 7.604375578006601799e+00
-9.096668311400664564e+00 -3.438439998949111676e+00 9.425101456516753018e+00
-1.323215791066697200e+01 -5.296384750286121879e+00 8.189670900825378297e+00
-9.598974549105264487e+00 -2.775119172226982567e+00 6.777788876542476970e+00
-1.405787472502671953e+01 -6.813036550438205552e+00 5.635695664484916989e+00
-1.431104001813722704e+01 -1.008126516309760490e+01 7.986891904822561727e+00
-1.408599860471399623e+01 -9.191470578224649302e+00 6.916089574163334142e+00
-4.382149405989386182e+00 -7.081960484837464875e+00 5.233337599095311710e+00
-4.158201668795751260e+00 -1.025470106603055243e+01 8.116445140911546119e+00
-4.504644194746405539e+00 -9.727315346513837113e+00 6.742913401885401115e+00
-8.755176045709678334e+00 -2.491951790290582025e+01 7.404946898263769839e+00
-8.971132637549491307e+00 -2.286048338220832932e+01 7.137173263313912663e+00
-9.387269286243704158e+00 -2.203410407119565306e+01 7.047785624100335156e+00
-8.779058389643481064e+00 -2.209875055381464648e+01 7.018595148124101790e+00
-1.032614240594285349e+01 -2.021737822457075140e+01 6.773959475055800539e+00
-8.198998732746005658e+00 -2.029455612841445244e+01 6.786876842344359062e+00
-1.155224095002173001e+01 -1.930769893481630461e+01 6.866334062880856237e+00
-6.993088055404510506e+00 -1.971905412681774905e+01 7.306427599939752326e+00
-1.120825276982612273e+01 -1.796929097769640293e+01 6.443501489279578998e+00
-7.618845578719654732e+00 -1.830823859467023951e+01 6.869152556175060376e+00
-9.966083481517538090e+00 -1.737645357196098317e+01 6.889857529533893299e+00
-8.954355090054519906e+00 -1.742420428041245373e+01 6.988694512524332048e+00
-1.008217682144878147e+01 -1.574425286160987447e+01 6.595826273564577846e+00
-8.775992582540657949e+00 -1.577683572823565505e+01 6.324522196221636250e+00
-1.086511606984261391e+01 -1.467290071329704659e+01 6.124752710880997597e+00
-7.863418302541520077e+00 -1.445714337225230040e+01 5.577894573721824401e+00
-9.488475352542781849e+00 -1.376134307147933988e+01 5.482781816032053612e+00
-9.432134463336055319e+00 -1.285371048054128451e+01 5.971511121145599787e+00
-1.011820328002135128e+01 -8.973296316829028285e+00 4.437966701200966924e+00
-8.393296391125248945e+00 -8.865645913718520177e+00 4.518535431955466919e+00
-1.142347165866854830e+01 -5.194930117140968306e+00 4.084201536685946543e+00
-6.847465065135676099e+00 -5.255531996139413131e+00 3.959784231641648944e+00
-8.917387063394071944e+00 -5.583594297250236593e+00 3.395010093460226308e+00
-9.374118115135777529e+00 -1.662214420068648479e+01 1.118339971216033746e+01
