-8.888043472192464378e+00 -2.590216724695125805e+01 9.286016128275859316e+00
-7.784944755948846939e+00 -2.373626457883248264e+01 9.464606481771479451e+00
-1.006355486657351683e+01 -2.393879914866038661e+01 9.472684917450777675e+00
-6.969903721165548127e+00 -1.908399131404815918e+01 1.088461204065160182e+01
-1.107635148900611455e+01 -1.919991896520158647e+01 1.122201112825653091e+01
-8.149782385955276709e+00 -1.805329895350958935e+01 1.186137790603054931e+01
-9.696150369940159663e+00 -1.836995253589748955e+01 1.198690860394819424e+01
-4.093308867021504760e+00 -1.615178937905609402e+01 7.639355559177536392e+00
-1.434910436257569799e+01 -1.609594638998603244e+01 7.866940734005948066e+00
-6.524737056188204321e+00 -1.361572866771639134e+01 1.142173331904153954e+01
-1.162596431437326139e+01 -1.409324694709058789e+01 1.162516818821587172e+01
-3.465075326953408030e+00 -1.309949591192937746e+01 6.554941973795317622e+00
-8.895231664273712369e+00 -9.693856045395778054e+00 1.152309658022523919e+01
-1.507599530991764070e+01 -1.260394009722643105e+01 6.816866123425465496e+00
-4.650277606896358051e+00 -6.299470041879421167e+00 8.320240370830500609e+00
-9.397561975245034560e+00 -6.684942904250940288e+00 1.074056624506062718e+01
-1.367945382079946093e+01 -6.330244544154648878e+00 8.377672173514749687e+00
-5.262193860128141942e+00 -4.891713026618344173e+00 7.706919781520562118e+00
-9.447090042664541443e+00 -3.299636281949692496e+00 9.230611753492135918e+00
-1.332751840210922012e+01 -5.194784794851990739e+00 7.307936856762648148e+00
-8.718257136642035832e+00 -2.232363534373973391e+00 6.421262123445488079e+00
-1.396390290136962342e+01 -6.598712930481568151e+00 5.338077868008312521e+00
-1.416908043952343021e+01 -1.045927095209406588e+01 7.622454392386543987e+00
-1.356762757988538404e+01 -9.933766875525519069e+00 6.515489117553593168e+00
-4.551073378570754002e+00 -6.951673337188324808e+00 5.141110680541216560e+00
-4.032061718823656271e+00 -9.804875175417317124e+00 7.502270823425716273e+00
-4.652752936043038190e+00 -9.741681550505695952e+00 6.426848513136769192e+00
-9.546671598773482259e+00 -2.542785689930095216e+01 7.351863131652827121e+00
-8.997028829142966089e+00 -2.354853362217227541e+01 7.204605125144528444e+00
-9.401391126339666116e+00 -2.258321687336218631e+01 6.938774730804235347e+00
-8.658487727346150464e+00 -2.256065512314692612e+01 7.079980915141963038e+00
-1.031068525671449443e+01 -2.071044782340765522e+01 7.030149307115211244e+00
-8.069378757444606975e+00 -2.094749047082004623e+01 6.850273807251943126e+00
-1.158612959111128404e+01 -1.974008979491847882e+01 7.459325975388217955e+00
-6.983646050449580756e+00 -2.025710487329040888e+01 7.409602972814391286e+00
-1.089383496513454830e+01 -1.861330590658821293e+01 6.965827379316403167e+00
-7.641097005611876547e+00 -1.877042602604349497e+01 6.754043227077979772e+00
-9.749239582169657581e+00 -1.750380254207243169e+01 6.953047152912473550e+00
-8.922977333580579540e+00 -1.747386832167596893e+01 6.954998688305717991e+00
-9.556995322049855801e+00 -1.568034994909240432e+01 6.583667880020731999e+00
-8.269903625193521179e+00 -1.595910630486218018e+01 6.487354436624229947e+00
-1.066490729387262526e+01 -1.410610516382323709e+01 6.249254873423936374e+00
-7.379524441508340082e+00 -1.471353233283915074e+01 6.140083913981086106e+00
-8.636719542676342343e+00 -1.355667389211377838e+01 5.973405430742646516e+00
-9.346806441206595650e+00 -1.262771836144579041e+01 6.321962982113022989e+00
-1.011737368044557961e+01 -8.499508620509883983e+00 4.526897794119108198e+00
-8.619045248591099551e+00 -8.383778068716669196e+00 4.652755001096761767e+00
-1.144988616752902821e+01 -4.665938371629305692e+00 4.006882584715341089e+00
-6.323739167355638457e+00 -4.880197592322728539e+00 3.622611408247662812e+00
-9.469823648135957228e+00 -5.028626351957405483e+00 2.494513617899957403e+00
-8.922180377357738834e+00 -1.720727600742712582e+01 1.126794282326090979e+01
