-9.083863980894697931e+00 -2.530843587024824970e+01 9.849325514865542530e+00
-7.926825462827897795e+00 -2.377549200517541550e+01 9.664979217399162437e+00
-1.029217902576789179e+01 -2.324549677527022951e+01 1.001203699239464484e+01
-7.158441262654503312e+00 -1.909825320893078526e+01 1.126912412619506121e+01
-1.116556319531672514e+01 -1.922967499917215406e+01 1.123890318544015088e+01
-8.457537242055298776e+00 -1.801347186093141417e+01 1.195214537744822536e+01
-1.029531754888483874e+01 -1.809433405922057858e+01 1.193318398209077102e+01
-4.031230983554180192e+00 -1.618901927142018593e+01 7.691398553820566697e+00
-1.444259409421974638e+01 -1.584587154666808928e+01 7.832344877715179621e+00
-6.540298915301606897e+00 -1.387644354639149213e+01 1.155207818563046018e+01
-1.167069298232762975e+01 -1.375665715099161091e+01 1.153789832558076611e+01
-3.390024001824687438e+00 -1.308497438556111803e+01 6.765367224664544210e+00
-9.314569390548594896e+00 -1.053413495913803111e+01 1.179353811210754976e+01
-1.511107513838942396e+01 -1.297773371477122595e+01 6.776817471027617223e+00
-4.726626923466053398e+00 -6.196985942616461074e+00 8.519333031559666480e+00
-9.102786351314248847e+00 -6.305550793081945216e+00 1.087310838415100989e+01
-1.350099813424688477e+01 -6.509837318611362278e+00 9.121322366775089563e+00
-5.201560469340211768e+00 -5.048500991509915714e+00 8.208105134521275659e+00
-9.110658139888684559e+00 -3.584527282981897933e+00 9.641519098329657922e+00
-1.323457210207668666e+01 -5.357775873827025137e+00 8.326142715519935678e+00
-8.785112570461423687e+00 -2.742141956206960884e+00 6.615298837362880491e+00
-1.416359195836509954e+01 -6.909873298710071055e+00 5.778729481954064440e+00
-1.437525961803303964e+01 -1.002610750046464716e+01 7.979030570036694137e+00
-1.405244267631630173e+01 -9.583111803235029313e+00 6.710671937331151859e+00
-4.332131190329874926e+00 -7.024643940244331475e+00 5.433341355853967158e+00
-3.990215223381007092e+00 -1.003065811925445061e+01 7.959642964611604476e+00
-4.555141565100459644e+00 -9.903399986536092214e+00 6.911591490467367649e+00
-9.362577960676285116e+00 -2.507600246957920120e+01 7.140385486674195370e+00
-9.107579320863933958e+00 -2.331991118463974999e+01 7.016344251840813229e+00
-9.451822138841546206e+00 -2.238172424344509537e+01 7.002540249728349764e+00
-8.904961859736930663e+00 -2.259158028495363624e+01 6.965946184151601273e+00
-1.047353013212173423e+01 -2.050645050152433413e+01 7.120130299746289637e+00
-8.359141474301235775e+00 -2.064299758139586771e+01 6.952488639773835466e+00
-1.158330643677619065e+01 -1.918641927343168518e+01 7.093909089365068255e+00
-7.023078381852255525e+00 -1.961062679264873054e+01 7.242923645439293345e+00
-1.097188128274146379e+01 -1.788438941026203466e+01 6.488634457452791438e+00
-7.474063846828997271e+00 -1.819930633709349621e+01 6.694355968603622919e+00
-9.575909929287469424e+00 -1.683441438746766039e+01 6.542227468741357299e+00
-8.624144252692673263e+00 -1.684652890672288450e+01 6.683938934097694684e+00
-9.725959210525928711e+00 -1.528556421989979874e+01 6.317783610734055699e+00
-8.453762952431469913e+00 -1.528849046206513407e+01 6.268018116185652744e+00
-1.069356806258747739e+01 -1.450808136764010037e+01 5.957294639339817621e+00
-7.665956379975903623e+00 -1.461266042324418457e+01 5.855212643583797671e+00
-9.053469798539440561e+00 -1.373098790655555490e+01 5.696798862955732901e+00
-9.276734708173430377e+00 -1.287742793398624030e+01 6.367641568433747068e+00
-1.016586421910928983e+01 -9.181108739850190048e+00 4.673589586040725052e+00
-8.412716969744895579e+00 -9.172575280743117787e+00 4.729592087914616272e+00
-1.152531521171108686e+01 -5.347839866553488086e+00 3.975228116151759306e+00
-6.767640010395986394e+00 -5.407458777373719272e+00 4.147247049350394121e+00
-8.983800414463498640e+00 -6.110209314946077441e+00 3.660945191669684018e+00
-9.488707569581578127e+00 -1.705918069175316276e+01 1.163938182540377220e+01
