-9.245210895172283116e+00 -2.556471551249696006e+01 9.395410073891973468e+00
-7.907185000289830512e+00 -2.378839849165504816e+01 8.988352916754889677e+00
-1.017454311919273380e+01 -2.367122702118045652e+01 9.066657736750007857e+00
-7.091199553855894955e+00 -1.883782623814911616e+01 1.067118975272220993e+01
-1.062480140216300128e+01 -1.921954426197737575e+01 1.101230552673992236e+01
-8.411316823942991405e+00 -1.780104534594092769e+01 1.166939672244821402e+01
-9.538372823099875220e+00 -1.830220559701649563e+01 1.170773136881447130e+01
-4.044096069987186404e+00 -1.577736132006255865e+01 7.449685657387654203e+00
-1.446819677492885781e+01 -1.582815607627715693e+01 7.659975682610295600e+00
-6.624949309763881189e+00 -1.382701115399880898e+01 1.137167258987159535e+01
-1.135150465192831426e+01 -1.388194057936728321e+01 1.180395117436376573e+01
-3.403980275968124136e+00 -1.309626846314143833e+01 6.609452219835342923e+00
-9.284302598066654255e+00 -1.003902056394513842e+01 1.154987582521528289e+01
-1.504762961926950560e+01 -1.244460980339385614e+01 6.730578366899792719e+00
-4.726239722555904521e+00 -6.475929472141763732e+00 8.113364517079858729e+00
-9.349680277070707035e+00 -6.656347003714795818e+00 1.065226511892202410e+01
-1.345770098044053142e+01 -6.434577453078859754e+00 8.409651852384996573e+00
-5.428325607777980899e+00 -4.887067808842171956e+00 7.644434550607199341e+00
-9.356671285905093782e+00 -3.955213958793404316e+00 9.526251977082118572e+00
-1.311534198860617551e+01 -5.381980815871923340e+00 7.493417945702508298e+00
-8.756226337055885267e+00 -2.696878063336753506e+00 6.862386374758619567e+00
-1.379994497590453406e+01 -7.021006100719250576e+00 5.511072575070367741e+00
-1.404953092158009653e+01 -1.028117004496724007e+01 7.858502558716536690e+00
-1.361119983739363626e+01 -9.911898263049961244e+00 6.328242274571449499e+00
-4.660055413296865012e+00 -7.196561722010093476e+00 5.152604113649736028e+00
-4.024483290378658040e+00 -1.003060400889723702e+01 7.496848770685133445e+00
-4.536923100653366348e+00 -9.792523422549784584e+00 6.296162675122083385e+00
-9.190560045943945155e+00 -2.530605720152538041e+01 7.156497110338764678e+00
-8.993509382555135545e+00 -2.360783235949690351e+01 6.711375323520579528e+00
-9.049507512254454156e+00 -2.257357355687139133e+01 6.500339437784155905e+00
-8.625653780183512254e+00 -2.270220975204992442e+01 6.656875499803329710e+00
-9.870889565466210769e+00 -2.047870528471003837e+01 6.775908852340421618e+00
-8.225583351673181554e+00 -2.084505782798360585e+01 6.738177373733765130e+00
-1.157637046564525463e+01 -1.950365858244972372e+01 7.000212217909346002e+00
-7.293836409794709041e+00 -2.011782635632459559e+01 7.110068890383052675e+00
-1.106973411532549356e+01 -1.854816588542166400e+01 7.188395205901962903e+00
-7.910089176094452057e+00 -1.834139096272172509e+01 6.598571080005404710e+00
-9.937542645492943194e+00 -1.741789615315888895e+01 6.946418397546525014e+00
-9.138380284978511625e+00 -1.731213781586238198e+01 6.776231285004031157e+00
-9.568274113032870787e+00 -1.548170217178876129e+01 6.303378216897125519e+00
-8.362047961046656042e+00 -1.577070258520789103e+01 6.062859918422802252e+00
-1.054784422657282406e+01 -1.414334136511301132e+01 6.053667265414155452e+00
-7.546152684651607601e+00 -1.445392543424441456e+01 5.709587184566524698e+00
-8.703833422328131064e+00 -1.320929840783492182e+01 5.614358825243226825e+00
-9.173587933282382423e+00 -1.258283374314254921e+01 6.102816939599652102e+00
-1.029190079648166645e+01 -8.659137315839421589e+00 4.550046041257236773e+00
-8.658137979428097708e+00 -8.490449948067395169e+00 4.587489173104210671e+00
-1.168822093921232863e+01 -5.087357419284979088e+00 4.001326469121858409e+00
-6.672654907856244044e+00 -5.259545453139236493e+00 3.731410011541275829e+00
-9.009983381454503615e+00 -5.754397138376226017e+00 3.208470807302829630e+00
-9.181624298480167923e+00 -1.704694406116974648e+01 1.112326439647563525e+01
