-8.869897010261505343e+00 -2.561581246522276700e+01 9.481746103013984239e+00
-7.737646894387243179e+00 -2.341453501898810785e+01 9.488324613852583411e+00
-1.003750044384166529e+01 -2.336630414336899975e+01 1.002427181652419996e+01
-6.953795877956432392e+00 -1.923957191259332333e+01 1.107812499117693505e+01
-1.118621512378487282e+01 -1.920443203489493911e+01 1.111600311596797397e+01
-8.264149090814685295e+00 -1.789548202601007176e+01 1.178811519911739225e+01
-9.936075928175913674e+00 -1.810370924611130050e+01 1.188022645211347594e+01
-3.925667478969695701e+00 -1.602606720615253977e+01 7.899581763478553675e+00
-1.455291416464595677e+01 -1.559591305740248046e+01 7.501809216366884137e+00
-6.707261180594916716e+00 -1.392881278834270731e+01 1.163500471060656061e+01
-1.179095990667357441e+01 -1.416321588624362171e+01 1.157469295301565992e+01
-3.384909673786966611e+00 -1.321128398251639346e+01 7.045787343690570026e+00
-9.328588712366673974e+00 -1.059164030771844089e+01 1.193791820145849414e+01
-1.514388259826980132e+01 -1.261567701899946492e+01 7.027949273612742687e+00
-4.644274350258310591e+00 -6.485307036646260848e+00 8.414052969496870205e+00
-9.404062685058384830e+00 -6.694152354316564413e+00 1.095690280110350656e+01
-1.365402009502053815e+01 -6.517847902197416055e+00 8.788500726422650899e+00
-5.179574095756757757e+00 -4.861702623194123163e+00 7.628820806679565081e+00
-9.476168067018601704e+00 -3.706819427186545113e+00 9.462095984887714195e+00
-1.347671573507896525e+01 -5.456140652251039391e+00 7.632601099819114054e+00
-9.245130317110605844e+00 -2.691733568940060994e+00 6.451548297857618408e+00
-1.417097997875580084e+01 -6.961585279720522657e+00 5.485485781108528691e+00
-1.429704248857805027e+01 -1.027213945139273399e+01 7.947241479189917968e+00
-1.396388656955530472e+01 -9.653525174940678966e+00 6.493379094981156285e+00
-4.283862507589823565e+00 -7.182155153396079683e+00 5.369954391609020661e+00
-4.023830394206263428e+00 -9.845000644160640135e+00 7.786478725051067862e+00
-4.565220161373812147e+00 -9.622528267763717835e+00 6.612148786160688019e+00
-8.634935918175532521e+00 -2.509637023025253200e+01 7.040631031818657348e+00
-9.288251686325565970e+00 -2.326803745086252206e+01 7.087476836491573451e+00
-9.727585482386569282e+00 -2.242913719350603330e+01 7.151473323774618862e+00
-9.048659255972300031e+00 -2.236442749220919879e+01 7.022346027428119974e+00
-1.048589847104066486e+01 -2.064398069898388854e+01 7.161357183088790990e+00
-7.922870282674843168e+00 -2.037071114227163449e+01 6.854850152660518781e+00
-1.164612382473733554e+01 -1.944177922542521131e+01 7.362831161817267045e+00
-6.732360701909597900e+00 -1.965631961636368530e+01 7.176871608410825942e+00
-1.102998971464422340e+01 -1.807873921615922796e+01 6.758533135331441066e+00
-7.497810745350519390e+00 -1.844853102179805404e+01 6.641709748127436974e+00
-9.563434271355134797e+00 -1.710743031098580147e+01 6.737662202778883724e+00
-8.697856118320256513e+00 -1.717995989005366653e+01 6.858421147530699535e+00
-9.486030432386948874e+00 -1.546744765368320707e+01 6.276220484027641433e+00
-8.329431100479132155e+00 -1.554986597376886159e+01 6.264232448815854504e+00
-1.069738165011844799e+01 -1.446085653244291791e+01 5.883366753672277127e+00
-7.503150540674596414e+00 -1.450869059606040068e+01 5.838537733099734339e+00
-9.136403190572455202e+00 -1.354634834209354466e+01 5.544534375989170094e+00
-9.329188616023905922e+00 -1.258450967374153429e+01 6.088582549408524613e+00
-1.020973177232481532e+01 -9.154198970143305303e+00 4.496546039856125887e+00
-8.547327298563104137e+00 -9.229055717417942617e+00 4.579921829167380665e+00
-1.151097998430918601e+01 -5.246673317304839657e+00 3.888672026620731970e+00
-6.761858667898192010e+00 -5.245188747229791559e+00 3.799608678540658424e+00
-8.951970957840167387e+00 -5.540328202070776697e+00 3.266449594494840625e+00
-9.360558341226376200e+00 -1.703105381069910607e+01 1.141298085124135220e+01
