-8.848773417403547725e+00 -2.525951872878365023e+01 9.647980801952561691e+00
-7.879952631881031344e+00 -2.328848773312926212e+01 9.630592283395630560e+00
-1.028940323825627878e+01 -2.335799942645409644e+01 9.786771881040573717e+00
-7.068121078451339301e+00 -1.907014853194213444e+01 1.116671950362694332e+01
-1.148161396645808452e+01 -1.917729747444597876e+01 1.104081793424677294e+01
-8.489479353884355817e+00 -1.783932240056016028e+01 1.187302264222016213e+01
-1.017773357431995862e+01 -1.788175997416428231e+01 1.198835807807154730e+01
-4.057008413640931010e+00 -1.621806891361714875e+01 7.926909866660601267e+00
-1.438980086337842934e+01 -1.612799456885101890e+01 8.076432722613180459e+00
-6.521042806942738856e+00 -1.398466805625236908e+01 1.154551919866353060e+01
-1.191118623527207454e+01 -1.390854576348881366e+01 1.167148508938760187e+01
-3.188408280079094048e+00 -1.277516222319001926e+01 6.593200385511477357e+00
-8.994897811851677361e+00 -1.018753902293803293e+01 1.177277010236314325e+01
-1.502304225639223922e+01 -1.237796163825872497e+01 6.995811811330018060e+00
-4.891879225508423801e+00 -6.097491647760762135e+00 8.666924761358860252e+00
-9.481078186282783093e+00 -7.125237643551013633e+00 1.120805435995236543e+01
-1.372032449220936989e+01 -6.494914602797724257e+00 8.733207447261591483e+00
-5.236952274567990173e+00 -4.889286431758693041e+00 7.700842041899149670e+00
-9.262255908426828555e+00 -3.632551733277018080e+00 9.477583390930142571e+00
-1.354686764382925546e+01 -5.564783196839778512e+00 7.769941966105113451e+00
-9.346095887295462035e+00 -2.610794244621679638e+00 5.949755283567447428e+00
-1.420420878047480429e+01 -7.109462050565372060e+00 5.550769853822069777e+00
-1.432557366907990115e+01 -1.005751717018616276e+01 8.290792145747571951e+00
-1.402617132097398667e+01 -9.625931068997681805e+00 6.847092334525878066e+00
-4.426156815252453747e+00 -7.058424742041911948e+00 5.377909914856595641e+00
-3.957706895126291258e+00 -9.964886931479455257e+00 8.014781307436640745e+00
-4.342194564677933855e+00 -9.494356667669517691e+00 6.972450024651807965e+00
-8.792578220439525083e+00 -2.486682087949719744e+01 7.001236516828557299e+00
-9.223854584685245328e+00 -2.314443757607658014e+01 7.084449120209947104e+00
-9.637025999728507486e+00 -2.243827665583697950e+01 7.138460277357562944e+00
-8.958947361641289575e+00 -2.237282994846595230e+01 6.980877447262382240e+00
-1.052599070390677660e+01 -2.073128065140837606e+01 7.139059630377431631e+00
-8.185142471026145117e+00 -2.064510145680140241e+01 6.657722798698186395e+00
-1.159659320568341556e+01 -1.952577692763748018e+01 7.317001868717459168e+00
-6.985420332366802043e+00 -1.987745997386716823e+01 6.852922642423237676e+00
-1.093278262862289729e+01 -1.815661625176283778e+01 6.744473751560896346e+00
-7.511260618747540363e+00 -1.849141112863616598e+01 6.720897479321740420e+00
-9.576496207211363298e+00 -1.717465681064962268e+01 6.684085529282810967e+00
-8.731609268486330677e+00 -1.727754051762235221e+01 6.842965162481724484e+00
-9.592489923674378360e+00 -1.563343245094651301e+01 6.430681820086215694e+00
-8.480144019515799769e+00 -1.570716791627068609e+01 6.412706639975004563e+00
-1.077526906116928451e+01 -1.456544709816808236e+01 6.115378329248259526e+00
-7.717216239413493106e+00 -1.447360835563421411e+01 5.906064378727378994e+00
-9.249999518423493328e+00 -1.376171449435655880e+01 5.616732872884026229e+00
-9.346027207543402326e+00 -1.291110111441949648e+01 6.270118143518649489e+00
-1.037403248421531821e+01 -8.872076503059869168e+00 4.429689792531121384e+00
-8.463390405668747007e+00 -8.593450298165752343e+00 4.461312136368698056e+00
-1.152807491410462681e+01 -4.904462127508392832e+00 4.006780713040557274e+00
-7.102414312553103848e+00 -5.168155566411315682e+00 3.822157027636801097e+00
-9.164597608613597401e+00 -5.693463192040873366e+00 3.203019922216987503e+00
-8.933501237752212276e+00 -1.684983761272285818e+01 1.154859515739942921e+01
