-9.297807716673577971e+00 -2.578824953094694195e+01 9.425894025287616884e+00
-7.840193064717265514e+00 -2.385638913248143567e+01 9.400102550213013330e+00
-1.019764877026663186e+01 -2.362842467292647086e+01 9.998032642224472966e+00
-7.157277098747909960e+00 -1.912013379944494318e+01 1.123653805708587683e+01
-1.104718379240695469e+01 -1.893623912882761928e+01 1.142627762892116650e+01
-8.319504528196850046e+00 -1.762441165383281927e+01 1.177978734305045272e+01
-9.825531792046939827e+00 -1.786119219062552688e+01 1.182068894130562597e+01
-4.181225528841451045e+00 -1.638863170438749961e+01 7.683147496807822385e+00
-1.436419046325401538e+01 -1.621588381304133719e+01 7.896589952925332945e+00
-6.926499689201356169e+00 -1.396922442865311176e+01 1.157668889768252107e+01
-1.172159248763450634e+01 -1.352276767764020349e+01 1.133032556673902214e+01
-3.548460080467906064e+00 -1.348190077954528654e+01 6.671072065980551358e+00
-9.067881438979098263e+00 -1.026773856198641788e+01 1.153731447587862213e+01
-1.495761106496246029e+01 -1.286085525699204979e+01 6.822210453107500960e+00
-4.912474380069523860e+00 -6.269459932932619495e+00 8.557788594970192619e+00
-9.294189351258660636e+00 -6.576157577148396882e+00 1.067530616695543522e+01
-1.350124123559945488e+01 -6.965410805760638979e+00 9.115060687933253192e+00
-5.139259500087136168e+00 -4.930724656422647456e+00 7.725028508069919475e+00
-9.125018852587933438e+00 -3.550286043468624086e+00 9.302055393023280772e+00
-1.335245809688609420e+01 -5.529524525372239374e+00 8.131139713748261499e+00
-9.107477754916798673e+00 -2.458523758824104899e+00 6.036383985404381036e+00
-1.381295230958136244e+01 -6.503020655098408653e+00 5.178543576263635373e+00
-1.412247500427880986e+01 -1.003640887861159747e+01 7.924657758274024744e+00
-1.367310908704119576e+01 -9.593625369307000383e+00 6.757491202941100283e+00
-4.307450936888594484e+00 -7.121934517510040585e+00 5.190781364966702505e+00
-4.150882273201612627e+00 -1.012149495394041132e+01 7.735206047563862874e+00
-4.567373826472169718e+00 -9.625234679573088314e+00 6.593700351087630196e+00
-9.363750289920524494e+00 -2.540325829213170650e+01 7.046687769483558128e+00
-8.965100307061515394e+00 -2.372634078242123223e+01 6.755377795344320369e+00
-9.271658593965224071e+00 -2.301915474933308303e+01 6.795568936557129902e+00
-8.733733688277578011e+00 -2.298956578099432946e+01 6.761522952189510605e+00
-1.022775357744876956e+01 -2.116262656063134884e+01 6.887115558493228207e+00
-8.192187921851909138e+00 -2.091871558616639248e+01 6.758932592952172413e+00
-1.146399599507762623e+01 -1.985421810390895203e+01 7.058971162039865632e+00
-6.887505853625996544e+00 -1.976346212781828982e+01 7.407753744711303767e+00
-1.088845764637166269e+01 -1.823933204311745016e+01 6.629869717548302788e+00
-7.228162839812998897e+00 -1.858872905937835540e+01 6.754598936499284889e+00
-9.346360765469151843e+00 -1.703191065879545363e+01 6.595943810897876958e+00
-8.406685539582312572e+00 -1.725459880680588043e+01 6.645023991873226343e+00
-9.703361987840089853e+00 -1.544974196268305633e+01 6.391305819554632173e+00
-8.548380446086234485e+00 -1.557528353391809972e+01 6.233166370945746770e+00
-1.075811710435392143e+01 -1.468645220081798364e+01 5.948236221120118294e+00
-7.822985761000092353e+00 -1.471965305426953563e+01 5.703426765218210015e+00
-9.294863248567013514e+00 -1.370093608647792749e+01 5.483493241475873248e+00
-9.294420370040924695e+00 -1.260878878124387725e+01 6.092107185740886166e+00
-9.937960325760073488e+00 -9.201930442395109822e+00 4.693454333491215991e+00
-8.533434145000063253e+00 -9.022314621431981152e+00 4.587271763559125581e+00
-1.176712369117542778e+01 -4.752949128227239584e+00 3.918255674756469631e+00
-6.838924848244229970e+00 -5.156517934980280771e+00 3.805404340235237548e+00
-9.183762697498202954e+00 -5.498923900930490660e+00 3.151982023697007307e+00
-8.969451571402132117e+00 -1.671682846432633696e+01 1.124928594511783864e+01
