-8.833337015035953144e+00 -2.545097005246627475e+01 9.846074372348756043e+00
-7.796171095560764819e+00 -2.358902510931784846e+01 9.577420015669535047e+00
-1.018901342967977897e+01 -2.372945691598849294e+01 9.701530424807748076e+00
-6.794921766998029966e+00 -1.902387055174224884e+01 1.107919916056580867e+01
-1.103819678575322349e+01 -1.941845119245040863e+01 1.138509977244405746e+01
-8.085461488925222540e+00 -1.786873888587101789e+01 1.205568346875769947e+01
-9.677203653557381102e+00 -1.825321133185941491e+01 1.213871522939135517e+01
-4.048761217682878666e+00 -1.639173354408681860e+01 7.746149746194982200e+00
-1.449058659209766908e+01 -1.604641607331845066e+01 7.814816939892298642e+00
-6.509909686173200427e+00 -1.405362628659921320e+01 1.149404500449352717e+01
-1.151802551944493125e+01 -1.425035160289299974e+01 1.188666577363452426e+01
-3.261274137761238201e+00 -1.288674523270223027e+01 6.672822115787081287e+00
-9.327436720301070849e+00 -1.010537965074958144e+01 1.167027051058643927e+01
-1.506647032935889818e+01 -1.332579230035486617e+01 6.628485030665298261e+00
-4.795453649654068506e+00 -6.230559827616831470e+00 8.417387770315459150e+00
-9.208805758040591982e+00 -6.377837667076976302e+00 1.076723857546713958e+01
-1.385160183564364189e+01 -6.227714105090159435e+00 8.219021752685662818e+00
-5.438401443806709423e+00 -4.858526815478134253e+00 7.794368182343640150e+00
-9.667277352119844736e+00 -3.744752251818228128e+00 9.683035851523023041e+00
-1.345365587520922723e+01 -5.352924814430746636e+00 7.260398668383752252e+00
-8.785585447659988390e+00 -2.458887875996696337e+00 6.836786327144400488e+00
-1.400127381387127201e+01 -6.858446387719522086e+00 5.272488465943836466e+00
-1.424654111344497132e+01 -1.041464225160344981e+01 7.446213137886132927e+00
-1.365933562461000861e+01 -9.908027921457453147e+00 6.152314847122055674e+00
-4.494778249871836273e+00 -6.571391262097410646e+00 5.129480825839705105e+00
-4.011609615502205628e+00 -9.821211087226181746e+00 7.647122670301303771e+00
-4.651392605359220944e+00 -9.795770177986897309e+00 6.364836281050948230e+00
-9.273147535868258018e+00 -2.511416860463182488e+01 7.175345920856282866e+00
-9.019651757457127772e+00 -2.345117124283686749e+01 7.040722034967879850e+00
-9.367021187251063807e+00 -2.259375157384941346e+01 6.803053066264518556e+00
-8.680825543447111770e+00 -2.257578978917316093e+01 6.996387662400449514e+00
-1.035160720129261414e+01 -2.068491899114676613e+01 6.963592253722659109e+00
-8.014059631751376145e+00 -2.095369838073769131e+01 7.006241544619410178e+00
-1.155683534606150076e+01 -1.966370844298393905e+01 7.384792066472674499e+00
-6.947429829154081915e+00 -2.017589612718073155e+01 7.453652503898101855e+00
-1.094179571656152206e+01 -1.862062690412808763e+01 7.438379036150086776e+00
-7.465238474175754924e+00 -1.867754465565791833e+01 6.688352093366798812e+00
-9.598296483199060702e+00 -1.763273979284702264e+01 7.096982910892019270e+00
-8.731075729258710894e+00 -1.752989214874456181e+01 6.861634657401078030e+00
-9.343409898024738425e+00 -1.579110145340174576e+01 6.460880206418539551e+00
-8.161309718437866678e+00 -1.573302105412506258e+01 6.166134346884433626e+00
-1.045659033563960350e+01 -1.449793888954618915e+01 6.245804006022776633e+00
-7.546127867871035733e+00 -1.453577375484541001e+01 5.827784829371111641e+00
-8.710737672046453994e+00 -1.384343015979029978e+01 5.830791512421996892e+00
-9.344949091609095149e+00 -1.328148237406389676e+01 6.397173907002313697e+00
-1.032946068159324149e+01 -8.389127426769496410e+00 4.324492551466862622e+00
-8.475526466860259234e+00 -8.066475001629186181e+00 4.475137470360182057e+00
-1.146028766695586043e+01 -4.680543133300301584e+00 3.794170920545722581e+00
-6.773633907642981455e+00 -4.946643277806617611e+00 3.368006746672773222e+00
-9.199344662327272104e+00 -5.059251716326786052e+00 2.596387003435717489e+00
-9.024250395622850363e+00 -1.702850936085534173e+01 1.149516751298691020e+01
