-8.787248732110729321e+00 -2.530708743884723688e+01 9.490804516851898853e+00
-7.832637457165668948e+00 -2.340687943892990219e+01 9.502785549913618013e+00
-1.025730312125514665e+01 -2.350261927086779679e+01 9.744159038851922361e+00
-7.065721957803493325e+00 -1.932275976675087037e+01 1.105815031808514526e+01
-1.121894758893225941e+01 -1.931520018883488987e+01 1.117509792506165311e+01
-8.352131116075089068e+00 -1.773349399963095152e+01 1.169605150454064990e+01
-1.005228146969083269e+01 -1.806527318248288339e+01 1.180386379958503795e+01
-4.068780230383803875e+00 -1.587399688458897984e+01 7.554054553805502614e+00
-1.429652724538175868e+01 -1.612054665665863595e+01 7.772532352657391286e+00
-6.888450174677660520e+00 -1.413198309172284262e+01 1.152854578094655480e+01
-1.161251650155421089e+01 -1.394743857840148848e+01 1.152989470020931684e+01
-3.539765392513531062e+00 -1.264340534445852526e+01 7.057794564399022974e+00
-8.919252222373838634e+00 -9.915507772435761424e+00 1.161058740820827850e+01
-1.508649220774027988e+01 -1.255186107475388901e+01 7.046802737894275026e+00
-4.620703320048504814e+00 -6.450187188426114382e+00 8.392505083714675962e+00
-9.263468567409905319e+00 -6.777700871683625117e+00 1.087098550887365178e+01
-1.368846287882754709e+01 -6.487931222164820433e+00 8.858924620542389050e+00
-5.072964902132165221e+00 -4.834479255490047755e+00 7.592910273271659349e+00
-9.434455132717751269e+00 -3.768706203114123188e+00 9.527387235913730379e+00
-1.348629601120646981e+01 -5.367974421282294628e+00 7.749411254464259713e+00
-9.345106707119208878e+00 -2.751838283468169166e+00 6.445665833713251303e+00
-1.411668679774945190e+01 -6.814197783411081843e+00 5.449134971674634897e+00
-1.427714655587389103e+01 -1.033277982886935220e+01 7.995165119172437329e+00
-1.394875309392724283e+01 -9.693607255522096011e+00 6.597804451652071300e+00
-4.468841056872870254e+00 -7.005718242675920138e+00 5.294486721575418109e+00
-4.093162965841901091e+00 -9.823061012584789253e+00 7.838866945536851816e+00
-4.579831583340020273e+00 -9.546151354165298031e+00 6.607103682743135309e+00
-8.797763924982273664e+00 -2.493393488598916008e+01 6.884910786243656489e+00
-9.136869254536826190e+00 -2.323042212678004859e+01 6.802548777502249067e+00
-9.437457353794933113e+00 -2.253480757797786538e+01 6.764276237527854008e+00
-8.857541857013044861e+00 -2.238910015591107339e+01 6.764692057233723688e+00
-1.024231812660512375e+01 -2.074946781395572160e+01 6.669894174168032208e+00
-8.131494700178027557e+00 -2.047111739260467544e+01 6.585398826624721202e+00
-1.146469950110308389e+01 -1.937891967956340267e+01 6.877620593514943259e+00
-6.922105422747340420e+00 -1.967788135327774057e+01 6.902841019371548370e+00
-1.097120329636316427e+01 -1.810026513114481972e+01 6.748381150606453716e+00
-7.538238584281825361e+00 -1.837381431481507121e+01 6.741483784846797889e+00
-9.621358423145469629e+00 -1.723664706191993901e+01 6.814686234408558363e+00
-8.783126697695465168e+00 -1.730567446405258991e+01 6.900680194772664144e+00
-9.543194384012863907e+00 -1.559371288702172542e+01 6.315939483822054612e+00
-8.454515419822961064e+00 -1.567091745497223521e+01 6.294486661167063346e+00
-1.060598192782643778e+01 -1.448401599123205408e+01 5.996477605407355860e+00
-7.693401469814858729e+00 -1.454692931320490601e+01 5.934715051061574265e+00
-9.065238929084658892e+00 -1.364910823922501315e+01 5.631546323591645198e+00
-9.281119213012548386e+00 -1.271030810434820779e+01 6.141086529583471787e+00
-1.022973896165435548e+01 -8.782520669026055771e+00 4.831152635170298915e+00
-8.650639216202728576e+00 -8.678287065813293566e+00 4.657607286698397075e+00
-1.159426481757522431e+01 -5.440725047722899888e+00 4.084357169642879093e+00
-6.739899210753498515e+00 -5.303458224020029199e+00 3.751922439815474242e+00
-9.084249200185997353e+00 -5.927475309424744765e+00 3.302323781560104088e+00
-9.200804958449330329e+00 -1.694640653243991935e+01 1.139795865861832880e+01
