-9.173095703125000000e+00 -2.483989715576171875e+01 9.359703063964843750e+00
-8.020271301269531250e+00 -2.309644699096679688e+01 9.279574394226074219e+00
-1.040282440185546875e+01 -2.275682640075683594e+01 9.520017623901367188e+00
-7.350443363189697266e+00 -1.892938995361328125e+01 1.079434108734130859e+01
-1.109774398803710938e+01 -1.877769470214843750e+01 1.089895153045654297e+01
-8.536475181579589844e+00 -1.766733169555664062e+01 1.154074764251708984e+01
-9.920153617858886719e+00 -1.764629745483398438e+01 1.161745929718017578e+01
-3.993354320526123047e+00 -1.587219429016113281e+01 7.629998207092285156e+00
-1.452206230163574219e+01 -1.566788959503173828e+01 7.769555091857910156e+00
-6.566909790039062500e+00 -1.390374946594238281e+01 1.126091766357421875e+01
-1.178484153747558594e+01 -1.386173057556152344e+01 1.139087772369384766e+01
-3.449189186096191406e+00 -1.293750381469726562e+01 6.707300662994384766e+00
-9.118187904357910156e+00 -1.032516193389892578e+01 1.150970649719238281e+01
-1.505422210693359375e+01 -1.271697139739990234e+01 6.984114646911621094e+00
-4.947840690612792969e+00 -6.707326889038085938e+00 8.604412078857421875e+00
-9.195793151855468750e+00 -7.048940181732177734e+00 1.068256282806396484e+01
-1.344278717041015625e+01 -6.733950138092041016e+00 8.698915481567382812e+00
-5.441572666168212891e+00 -5.307713985443115234e+00 8.058857917785644531e+00
-9.294953346252441406e+00 -3.874852895736694336e+00 9.452053070068359375e+00
-1.322807407379150391e+01 -5.650726318359375000e+00 7.931828975677490234e+00
-9.265600204467773438e+00 -2.912704467773437500e+00 6.803448677062988281e+00
-1.413082027435302734e+01 -7.206109523773193359e+00 5.728822708129882812e+00
-1.420768928527832031e+01 -9.998713493347167969e+00 8.133706092834472656e+00
-1.387331771850585938e+01 -9.593081474304199219e+00 7.056912422180175781e+00
-4.449390411376953125e+00 -7.351071357727050781e+00 5.673544883728027344e+00
-4.200807094573974609e+00 -1.010635471343994141e+01 8.108621597290039062e+00
-4.659017086029052734e+00 -9.788855552673339844e+00 7.029479503631591797e+00
-9.178148269653320312e+00 -2.455016517639160156e+01 6.929663181304931641e+00
-9.210901260375976562e+00 -2.260885620117187500e+01 6.767195701599121094e+00
-9.508345603942871094e+00 -2.187734985351562500e+01 6.755088806152343750e+00
-8.943634033203125000e+00 -2.189434242248535156e+01 6.754671096801757812e+00
-1.028948688507080078e+01 -2.024191665649414062e+01 6.706418037414550781e+00
-8.276836395263671875e+00 -2.009706306457519531e+01 6.619284152984619141e+00
-1.140563392639160156e+01 -1.913764190673828125e+01 6.853856086730957031e+00
-7.137986660003662109e+00 -1.914081954956054688e+01 6.793167114257812500e+00
-1.088263034820556641e+01 -1.787842559814453125e+01 6.562056541442871094e+00
-7.682075023651123047e+00 -1.790939521789550781e+01 6.427442550659179688e+00
-9.710083007812500000e+00 -1.676355934143066406e+01 6.567462444305419922e+00
-8.863857269287109375e+00 -1.676551818847656250e+01 6.605003356933593750e+00
-9.879331588745117188e+00 -1.528674507141113281e+01 6.167494297027587891e+00
-8.749946594238281250e+00 -1.533396625518798828e+01 6.088469028472900391e+00
-1.078549957275390625e+01 -1.441395854949951172e+01 5.767843723297119141e+00
-7.843410491943359375e+00 -1.446788501739501953e+01 5.623418331146240234e+00
-9.316105842590332031e+00 -1.349345970153808594e+01 5.410950660705566406e+00
-9.311841011047363281e+00 -1.268352890014648438e+01 6.100556850433349609e+00
-1.001368713378906250e+01 -9.265260696411132812e+00 4.708582878112792969e+00
-8.487044334411621094e+00 -9.265887260437011719e+00 4.726923942565917969e+00
-1.157469558715820312e+01 -5.507459640502929688e+00 4.178298473358154297e+00
-6.946725368499755859e+00 -5.542282104492187500e+00 4.138161182403564453e+00
-9.306101799011230469e+00 -6.085552692413330078e+00 3.749791145324707031e+00
-9.161672592163085938e+00 -1.667935752868652344e+01 1.112839412689208984e+01
