-9.197434015391422690e+00 -2.584562923252882882e+01 9.263515338324577186e+00
-7.923164966231635908e+00 -2.395069654661557834e+01 9.580939364433412209e+00
-1.027405386652878150e+01 -2.357327043627331875e+01 1.007886675746311056e+01
-7.236431360252238321e+00 -1.940715731432629809e+01 1.091031745794764696e+01
-1.107934973361357578e+01 -1.907030008980491687e+01 1.117122307390161495e+01
-8.194516830118802275e+00 -1.793223621213326169e+01 1.191926090162826846e+01
-9.773480459273853782e+00 -1.795876723865953295e+01 1.195048744740357449e+01
-3.940062903617412182e+00 -1.628087080276291587e+01 7.760464577605141301e+00
-1.461820442090070493e+01 -1.615313088463106794e+01 8.191569203958037448e+00
-6.657920388702637915e+00 -1.369707036113483412e+01 1.141377382420792230e+01
-1.173249383833660531e+01 -1.366922563032622229e+01 1.163705188412480851e+01
-3.091525743017739636e+00 -1.264048095979381614e+01 6.458034117933923568e+00
-9.421409670094430311e+00 -1.014747884227343100e+01 1.166206182024080462e+01
-1.549962186673857545e+01 -1.293319192867616607e+01 7.273377899141632241e+00
-4.629640436660655389e+00 -6.275366732767622580e+00 8.205765574384596306e+00
-9.535741266518984460e+00 -6.611885501859633862e+00 1.092137396399123261e+01
-1.359022004211355217e+01 -6.692217836216631355e+00 9.266314323800830977e+00
-5.142069012459890232e+00 -4.730129585467178543e+00 7.626184906740209435e+00
-9.492479579041555482e+00 -3.524824740358207364e+00 9.672379339289422617e+00
-1.326027735396646179e+01 -5.284755430292303657e+00 8.283840206889280466e+00
-8.880707395636855850e+00 -2.384560779302214328e+00 6.722296450060004425e+00
-1.418907611387483669e+01 -6.633468340578909661e+00 5.719599501133182606e+00
-1.435935961244703662e+01 -9.564975330232131867e+00 8.060550505538573773e+00
-1.408438668639496960e+01 -9.063880515301676155e+00 6.782283648158162315e+00
-4.221520015965593231e+00 -7.205126716345101379e+00 5.299823918587685867e+00
-4.028516996326303001e+00 -1.004020796807637694e+01 7.705446058955830679e+00
-4.372135761730596926e+00 -9.698268169932086735e+00 6.512798792665702052e+00
-9.254196223637466190e+00 -2.532474207273312672e+01 6.836260463451607983e+00
-8.912993661550100200e+00 -2.334908369044572041e+01 7.072595647591382040e+00
-9.332839622013011649e+00 -2.252913819116806593e+01 7.059463730678201543e+00
-8.634136741132577342e+00 -2.245244966305510914e+01 7.013528843225108389e+00
-1.051067053156000952e+01 -2.086535325785424888e+01 7.117720922986626064e+00
-8.079655007817287071e+00 -2.029079381323469633e+01 6.815369417592576085e+00
-1.168888459622749032e+01 -1.968733389519782762e+01 7.413876939380042330e+00
-6.880564506524506463e+00 -1.933763084990852477e+01 7.082782934749406678e+00
-1.107749767281630326e+01 -1.841871121299341851e+01 6.911950466592930553e+00
-7.458442162834413303e+00 -1.831362360948261880e+01 6.595297880802627688e+00
-9.739632287105067121e+00 -1.729080271723706730e+01 6.729813121843695178e+00
-8.848004855925607259e+00 -1.727020335631267045e+01 6.688301485081220576e+00
-1.004332842789969149e+01 -1.566852601108974063e+01 6.227604603373444014e+00
-8.773062650711636934e+00 -1.565804378022639831e+01 6.004708440649603851e+00
-1.119218658276082223e+01 -1.482078398838528166e+01 5.881025089032899444e+00
-7.806739647097385770e+00 -1.453273049233952108e+01 5.457735103723110548e+00
-9.408029433657855378e+00 -1.370130819906567865e+01 5.260736158369385684e+00
-9.416047143325592117e+00 -1.266525581389873167e+01 5.823364779234522892e+00
-1.008369477448443519e+01 -9.033077644007343920e+00 4.491862397975776133e+00
-8.398462710565128830e+00 -8.906580330503473419e+00 4.450114763268803841e+00
-1.174037513923646081e+01 -5.088001490276795380e+00 3.895268457627604874e+00
-6.547149010478430675e+00 -5.225400572189890624e+00 3.818981915124832316e+00
-9.112713884615157411e+00 -5.897800696553657573e+00 3.540486417580324119e+00
-8.871440824931980274e+00 -1.700474681316613257e+01 1.156404247554515941e+01
