-9.102160375021211891e+00 -2.551830543890872605e+01 9.653783187393564447e+00
-7.969518929570131860e+00 -2.350120705853744951e+01 9.701284618178497965e+00
-1.060367360155895256e+01 -2.338661025963544304e+01 9.614150355881356802e+00
-7.039555641790797402e+00 -1.958343836552613126e+01 1.135882714376108993e+01
-1.137649131043970208e+01 -1.949698751417434295e+01 1.139491204345346631e+01
-8.198891944244765639e+00 -1.832817738275217678e+01 1.209172485433496824e+01
-1.023612670744727460e+01 -1.828932756854346309e+01 1.212471643258014531e+01
-4.031702093715474611e+00 -1.673261724174068377e+01 8.004119201906258141e+00
-1.447926669750206230e+01 -1.605788479280006698e+01 7.476239727002520041e+00
-6.514290258566095559e+00 -1.367760681064088857e+01 1.152217817784518061e+01
-1.176365760548395123e+01 -1.359825765864558456e+01 1.162023041979117366e+01
-3.265203266475860566e+00 -1.314864654836547153e+01 6.258445295653490170e+00
-8.997984465581671643e+00 -1.038086788659154358e+01 1.141472496411699034e+01
-1.518060228209167661e+01 -1.273533298248614543e+01 6.577107824712001616e+00
-4.710992333024340617e+00 -6.159470066586376191e+00 8.658834271288409212e+00
-9.483191117266461134e+00 -7.057781721591327440e+00 1.067826934957113671e+01
-1.364633900368200337e+01 -6.281584339054230526e+00 8.813016423518124753e+00
-5.169444495315879351e+00 -4.798370978805847287e+00 8.051591900940900715e+00
-8.985926026167247116e+00 -3.468936468973537579e+00 9.583565375745557446e+00
-1.343335600367544913e+01 -5.120292371707162005e+00 7.771892758833999437e+00
-8.893539095165802877e+00 -2.214605621435671967e+00 6.475895131570586827e+00
-1.424476609767914326e+01 -6.870445389069809394e+00 5.936539621571591319e+00
-1.431231410387908554e+01 -9.682798923781096079e+00 8.125490091403248627e+00
-1.386086975811525512e+01 -9.410913938713223459e+00 6.728718089366342525e+00
-4.404136364732467612e+00 -7.278615757322196345e+00 5.693294238468495472e+00
-3.869283659127666919e+00 -9.817812002758408596e+00 8.075238670216204895e+00
-4.519738471758237175e+00 -9.698177607657822108e+00 6.930381335993623715e+00
-9.210790434791508829e+00 -2.542985969703317295e+01 7.215592172718611863e+00
-9.220285046290310760e+00 -2.367289655069980725e+01 6.903934734077980195e+00
-9.471155423684916030e+00 -2.258437966415518261e+01 6.859946206069803765e+00
-8.893042892764174923e+00 -2.271139059832184870e+01 6.797871060309732982e+00
-1.026180208657076065e+01 -2.037267038395494723e+01 6.872518876448163283e+00
-8.016590045013217036e+00 -2.032115999801945705e+01 6.654214721406164657e+00
-1.170221572699969670e+01 -1.939600607870762516e+01 6.988846314746421484e+00
-6.889223214751971192e+00 -1.956395347961170117e+01 6.691242067685529094e+00
-1.094997527625038813e+01 -1.842661930544569060e+01 6.521344286199769691e+00
-7.399103008542114779e+00 -1.827374145777817915e+01 6.276358599997777787e+00
-9.933522344436230611e+00 -1.730909517977002210e+01 6.672989974661702739e+00
-9.094644357206769669e+00 -1.716012235431950117e+01 6.752984119482234426e+00
-1.000695082328958030e+01 -1.531224728660201073e+01 6.281388197403667384e+00
-8.963428116293147951e+00 -1.527062060737490867e+01 6.271742464567409137e+00
-1.073888628347743257e+01 -1.449270121493704089e+01 5.810807089581074614e+00
-7.783083397675579107e+00 -1.440822892987710091e+01 5.727670597257453977e+00
-9.190217135302578555e+00 -1.341480666797903787e+01 5.498827589254967840e+00
-9.256138813300704982e+00 -1.264106619315911040e+01 6.271084809901891433e+00
-1.013377697325049454e+01 -9.109506773092594045e+00 4.751175826826862902e+00
-8.709620027206275594e+00 -9.013470894925902144e+00 4.831620304541697664e+00
-1.159904426266075106e+01 -4.914526904288856635e+00 4.136990186431852123e+00
-6.618915633575717550e+00 -5.204858092176094964e+00 4.239827204106844327e+00
-9.197223852297508273e+00 -5.919912382546946183e+00 3.685792114824628651e+00
-8.956899130535459719e+00 -1.699129923703312528e+01 1.177032356716967421e+01
