-9.242381870940182154e+00 -2.514872552776449055e+01 9.572668468813585463e+00
-8.199356662462291112e+00 -2.374987343119177297e+01 9.848299412565445721e+00
-1.032156170040844856e+01 -2.298568010550173923e+01 9.825013697817825076e+00
-7.337506535643124828e+00 -1.930295756858777523e+01 1.133795692176944847e+01
-1.126208671259695215e+01 -1.919344462881662849e+01 1.102367520824009262e+01
-8.564798637693813887e+00 -1.825688643203193351e+01 1.175392596516947741e+01
-1.007315868868823117e+01 -1.804745758374890485e+01 1.168474347180949025e+01
-3.936347044718734978e+00 -1.607125747195708954e+01 7.739104394510324170e+00
-1.450216817114450762e+01 -1.602383679500518454e+01 7.751679130258427364e+00
-6.730983078011444576e+00 -1.413255896442293214e+01 1.136684274771267233e+01
-1.172947270443048673e+01 -1.389337582033493135e+01 1.149723353510722745e+01
-3.212090486467054085e+00 -1.287654995625556609e+01 6.797614689798328946e+00
-9.427395003124898309e+00 -1.087121194280628877e+01 1.168481742898153009e+01
-1.515153301118500906e+01 -1.309403702945258274e+01 6.962691139531091089e+00
-4.599431314033367357e+00 -6.679007174649290945e+00 8.711132031988542579e+00
-9.103188255098555004e+00 -7.293920880704012788e+00 1.116420596727383341e+01
-1.370145237728679533e+01 -6.486147875174075317e+00 8.752769788472038570e+00
-5.082280544103209508e+00 -5.303282870690336992e+00 8.193714647240968318e+00
-9.673322128790251995e+00 -3.555891290312077402e+00 9.383205837347437850e+00
-1.335797411772085397e+01 -5.283102869436519633e+00 7.771489613080217573e+00
-9.021758927326354538e+00 -2.844585064732771507e+00 6.794034735420877880e+00
-1.414072940709732684e+01 -7.148637324128001680e+00 5.683052689066093066e+00
-1.440935376899786924e+01 -9.863045257707256042e+00 7.857671187915571842e+00
-1.408188374984462321e+01 -9.547600325008080091e+00 6.624759845412519610e+00
-4.376703550513348695e+00 -7.429526107319483152e+00 5.758084373855981930e+00
-3.963305772555213657e+00 -1.000243418267147888e+01 7.745432090600283814e+00
-4.234418797429018611e+00 -9.646655537936984715e+00 6.818548207337624234e+00
-9.059454169272978419e+00 -2.498427874464615783e+01 7.152288211716457234e+00
-9.073866255912781398e+00 -2.349490361084945178e+01 7.114914539967198692e+00
-9.440265776042119583e+00 -2.270120677125749609e+01 7.047008490017725890e+00
-8.886383549304825991e+00 -2.263737378697832625e+01 7.008187378974717774e+00
-1.037637752718284290e+01 -2.066926037940347172e+01 6.959889959792300296e+00
-8.423146956034905486e+00 -2.023227954146487662e+01 6.888722619498127031e+00
-1.151156972764507991e+01 -1.963237045733083974e+01 7.304808789699810845e+00
-6.975439281938933256e+00 -1.974139994188555036e+01 7.402354205546656019e+00
-1.101699222215959573e+01 -1.808573902569215264e+01 6.819512350899197273e+00
-7.469365334647643628e+00 -1.840541073827134255e+01 6.926944419303161737e+00
-9.655750020763157693e+00 -1.705851967930951218e+01 6.750392816364023219e+00
-8.772779636361056177e+00 -1.713007575527501558e+01 6.846156528903916794e+00
-9.745842739606978000e+00 -1.579819577347104698e+01 6.525241868227618980e+00
-8.536419877775895060e+00 -1.579995033367343993e+01 6.494337226658631224e+00
-1.078238067284251045e+01 -1.502927493412170357e+01 6.178432122009568594e+00
-7.645845423092249682e+00 -1.476639349777262034e+01 5.994667840654785529e+00
-9.208721425582279352e+00 -1.379591685043854810e+01 5.682511429063502817e+00
-9.298708664248941602e+00 -1.269705476944139910e+01 6.135187094885039549e+00
-1.039221620767153453e+01 -9.073086364925583069e+00 4.610143489144263640e+00
-8.722493929755867015e+00 -9.159576734037841561e+00 4.502182217168744671e+00
-1.165566590836549565e+01 -5.202590161733018803e+00 4.181833090494400551e+00
-6.813282880962534982e+00 -5.076162281101360918e+00 3.994329925330406539e+00
-9.146930552852543528e+00 -5.789504120438681234e+00 3.547123354230022230e+00
-9.335615240089541800e+00 -1.705104735125687299e+01 1.133981766012139047e+01
