-9.185472335165682622e+00 -2.540913566640949028e+01 9.739366410869070734e+00
-7.893526551388948320e+00 -2.393070589763002332e+01 9.233877256633927999e+00
-1.022766197787472997e+01 -2.342185027130598485e+01 9.832048798886223295e+00
-7.488983367759316501e+00 -1.912351878184112408e+01 1.129614747126256269e+01
-1.127396245800687602e+01 -1.903848491047851255e+01 1.120572698533226941e+01
-8.597449237773385988e+00 -1.782640274977994821e+01 1.181505489483011928e+01
-1.013408600916937985e+01 -1.798175288240768310e+01 1.178831921386731274e+01
-3.912569761356734954e+00 -1.615934057746107655e+01 7.469086135137335880e+00
-1.462555028072179475e+01 -1.617209057403387007e+01 7.681246502996191161e+00
-6.837150538991053850e+00 -1.471091282397089373e+01 1.140415180255741490e+01
-1.189874763770868249e+01 -1.391062178721002240e+01 1.148802948702308768e+01
-3.462906365910810802e+00 -1.337954064309917968e+01 6.564640669940970952e+00
-9.118160414964508576e+00 -1.058871296990011857e+01 1.167779915835002846e+01
-1.503675445260500965e+01 -1.275530421897361144e+01 6.885776020142429843e+00
-4.792102976052899699e+00 -6.611159686153847304e+00 8.635834624049456565e+00
-9.193229909606003503e+00 -6.803066895219000543e+00 1.073350525690516122e+01
-1.362621202504884721e+01 -6.561829324378740225e+00 8.806676896350573713e+00
-5.511247653582130646e+00 -4.928575070206731468e+00 8.142052052395007067e+00
-9.323427229640746106e+00 -3.867087376886724659e+00 9.581207538037775251e+00
-1.348290965642916461e+01 -5.528152734809165914e+00 7.603619142718922141e+00
-9.397378093909043884e+00 -2.632935241605616206e+00 6.920466085839031223e+00
-1.404640876726853804e+01 -7.220039196226144540e+00 5.528483597183879716e+00
-1.430671058698611908e+01 -9.951003817853001365e+00 8.026643675021620794e+00
-1.393506281402784808e+01 -9.584118987001046364e+00 6.933658167831517005e+00
-4.478865744508680358e+00 -7.059540465849204693e+00 5.352654662038554001e+00
-4.111643407840099407e+00 -1.019900130660678172e+01 7.594180181838027011e+00
-4.658722547658068258e+00 -9.752995904111982028e+00 6.376589515688825038e+00
-9.171096443032709544e+00 -2.508735150902553812e+01 7.322716303005311289e+00
-9.044169645823759041e+00 -2.313187748281825762e+01 7.285512903210261015e+00
-9.403372929776560696e+00 -2.243836458227815811e+01 7.346316188008128023e+00
-8.802388547871249358e+00 -2.235461503744608436e+01 7.211025944711144220e+00
-1.023163914061115776e+01 -2.090065595062948844e+01 6.985540328227405560e+00
-8.169574308821726305e+00 -2.055942956308994596e+01 6.806284529680573847e+00
-1.139101878856093819e+01 -1.951917924026342632e+01 6.850417236271796995e+00
-7.056870838054436490e+00 -1.958316286880005563e+01 6.952343822417872410e+00
-1.100763391091233245e+01 -1.816516740104383842e+01 6.676862379429417516e+00
-7.608797352465405339e+00 -1.821593187111000134e+01 6.518858027413315881e+00
-1.002830853698376856e+01 -1.727218261782651254e+01 7.107868214996083012e+00
-9.094876804772603407e+00 -1.727194099550091977e+01 7.066416429251429321e+00
-1.004406785321437745e+01 -1.554482664317970730e+01 6.423170276219312136e+00
-8.805037124862694853e+00 -1.572386313841679595e+01 6.283018457666663892e+00
-1.072099657750529644e+01 -1.442537198243614682e+01 5.877826694261893081e+00
-7.782771352952614130e+00 -1.479733753831385279e+01 5.649428857818963756e+00
-9.111291785135643195e+00 -1.341325185414356014e+01 5.338930685436765522e+00
-9.195826950437719915e+00 -1.253556734270161144e+01 6.099112094440111598e+00
-1.022092425516162706e+01 -9.285975964471568034e+00 4.858566719709556558e+00
-8.492115265473289654e+00 -9.315696625840313772e+00 4.896491578134149592e+00
-1.158080352143360159e+01 -5.308257738770149281e+00 4.352601864454651803e+00
-7.141235971995202547e+00 -5.405046646434119140e+00 4.086586509320987659e+00
-9.321990279791325662e+00 -6.241994601596716485e+00 3.903964312292863337e+00
-9.185940882474518787e+00 -1.702678380284937276e+01 1.143910982714313285e+01
