-9.512952081062941545e+00 -2.488518758854069901e+01 9.882874712116162641e+00
-8.014592731269257087e+00 -2.352464531002539516e+01 8.997054132974135143e+00
-1.024409623224130250e+01 -2.282278339556333080e+01 9.603169878547776150e+00
-7.231225447015546592e+00 -1.932947518148220212e+01 1.074745717442890047e+01
-1.104380906150721664e+01 -1.872260957198703579e+01 1.084107214080813719e+01
-8.468072268244480227e+00 -1.747885113743906516e+01 1.151828856183934136e+01
-1.007326918074418032e+01 -1.704495422281330264e+01 1.158270952437392864e+01
-3.905605422097933932e+00 -1.618990322857287367e+01 7.601436633321297265e+00
-1.460937379905306699e+01 -1.570457405654586580e+01 7.514122173321884368e+00
-6.083083947795657309e+00 -1.422753529685338236e+01 1.105153209389282587e+01
-1.228579769498482399e+01 -1.402920559785807519e+01 1.126251386288609169e+01
-3.444510346478095286e+00 -1.274759302778473113e+01 6.546536640750378666e+00
-9.544590631221609556e+00 -1.023289283980688857e+01 1.177878085840353428e+01
-1.507468975679485190e+01 -1.263931285988562969e+01 6.715487388062576279e+00
-5.150616824365617852e+00 -6.609853461285804421e+00 8.809886750096575625e+00
-9.162836061160147594e+00 -6.790355306049680628e+00 1.097664136498632281e+01
-1.338855196627511113e+01 -6.608922335901250555e+00 8.855470442522983987e+00
-5.602044503251448759e+00 -5.099919498318191913e+00 7.929603873151203075e+00
-9.020646411471524573e+00 -3.968833483279684327e+00 9.752321604921744935e+00
-1.316419052269938561e+01 -5.436871914827742458e+00 8.127500046179470417e+00
-8.925129141086310725e+00 -2.737512700153983847e+00 6.691126404171681585e+00
-1.385585815838206614e+01 -6.966512547741820605e+00 5.440859672412308612e+00
-1.431104959558082967e+01 -9.820221584409768667e+00 7.833880175469685625e+00
-1.397239974355357006e+01 -9.492715776172271802e+00 6.388809949282173051e+00
-4.425134424836034697e+00 -7.171329126060149939e+00 4.997808615612118643e+00
-4.208969255902239581e+00 -1.025267149143260781e+01 8.125891923128072847e+00
-4.539517181788110811e+00 -9.787208231068792230e+00 6.494931957751566287e+00
-9.393187180518600243e+00 -2.484061647648449522e+01 7.361767260762611009e+00
-9.046796121425360937e+00 -2.316443348296309068e+01 6.686604081366140484e+00
-9.286256436697435390e+00 -2.247072557999657505e+01 6.779085641610683943e+00
-8.712714751106430455e+00 -2.246340913866799838e+01 6.701588370305603171e+00
-1.033211760177588268e+01 -2.084089110346718599e+01 6.857738491950099657e+00
-8.032191233632721250e+00 -2.037666945562401821e+01 6.832591938670985243e+00
-1.175918825169635440e+01 -1.907858819690752838e+01 6.908334862672147914e+00
-7.022822086646857365e+00 -1.916868272321193345e+01 6.814621302457831042e+00
-1.113152587462372622e+01 -1.786546438469526876e+01 6.610497843519489436e+00
-7.654610933959084207e+00 -1.806297414920128830e+01 6.408824085542078386e+00
-9.925157669332866917e+00 -1.712201691599180009e+01 6.608074472743394878e+00
-9.107019332827732683e+00 -1.721327910667990579e+01 6.587766811802881151e+00
-9.943625309598198569e+00 -1.533895141909322746e+01 6.149417590556662816e+00
-8.894199598911999516e+00 -1.543722373580563989e+01 5.905270288139117696e+00
-1.072615418036119905e+01 -1.432821675105323678e+01 5.846774504031820641e+00
-7.840617694198609655e+00 -1.447149886582410971e+01 5.529115330656116711e+00
-9.313972428596468234e+00 -1.357420688625898286e+01 5.282678122335248361e+00
-9.463732691913552486e+00 -1.277569896097419289e+01 6.148062322642453559e+00
-1.006239567704634830e+01 -9.254516787477983897e+00 4.388319298595803275e+00
-8.285685104968425918e+00 -8.989958751937882298e+00 4.481636175657785159e+00
-1.158079825960647291e+01 -5.474579632435160548e+00 3.927388737554152964e+00
-7.087940204710355019e+00 -5.457151963778791526e+00 3.776812535018108541e+00
-9.327965954907208257e+00 -6.210192341736100019e+00 3.622167925203009453e+00
-9.301995557728821140e+00 -1.644274565220451478e+01 1.111504333926614230e+01
