-9.378388919634867094e+00 -2.437923183705292018e+01 9.669259766037018977e+00
-8.141983468280104219e+00 -2.301100531564030405e+01 9.658724245773568029e+00
-1.043025252578119932e+01 -2.232910175713276857e+01 9.383597686696013795e+00
-7.082560085858903953e+00 -1.886509086878850994e+01 1.098999084992056297e+01
-1.116726389775062422e+01 -1.881847692185445453e+01 1.107596643523226554e+01
-8.618048630424940626e+00 -1.777769092997247213e+01 1.163094030252866418e+01
-1.034683290570166037e+01 -1.729344672813493133e+01 1.169261947387882827e+01
-3.816148118131193812e+00 -1.605786695121736685e+01 7.566001170238711993e+00
-1.484340873327597166e+01 -1.561869499462521738e+01 7.515277417582074904e+00
-6.557776225948720672e+00 -1.392783405887812620e+01 1.118075353676369765e+01
-1.203527641750208943e+01 -1.365437232994153227e+01 1.141090712207422797e+01
-3.370799770568889020e+00 -1.310602139422272394e+01 6.425636571051025925e+00
-9.709173731794820128e+00 -1.052554754152599159e+01 1.165797378774549031e+01
-1.510524118385404257e+01 -1.296267022118910006e+01 6.739461488984405335e+00
-5.015647862355088193e+00 -6.778955062973908596e+00 8.972020437240486146e+00
-8.783124590626993466e+00 -6.976035476057974805e+00 1.076702252816926730e+01
-1.340341922871784064e+01 -6.933295767083436090e+00 9.038224548060441066e+00
-5.390694676993700085e+00 -5.270268931229106002e+00 8.041162305180318270e+00
-9.065730973738062914e+00 -4.250590241936650138e+00 9.680501782316442316e+00
-1.323495435413337162e+01 -5.480471880397393747e+00 7.868366784790676860e+00
-9.254767314037442461e+00 -2.741872370037487183e+00 6.606730858967836184e+00
-1.414252914836021091e+01 -7.050560798310345767e+00 5.721840467911928130e+00
-1.423935250437805067e+01 -9.711430714247081042e+00 7.901906833013265796e+00
-1.387816131491092975e+01 -9.332607196552373807e+00 6.667606804815584987e+00
-4.318936026454575305e+00 -6.972348247838453972e+00 5.033811168119740387e+00
-4.224500851964862136e+00 -1.009516422407099334e+01 7.997562845834081280e+00
-4.433598052414080115e+00 -9.801254266877570842e+00 6.687183147490202373e+00
-9.328125423306364183e+00 -2.446433526635632560e+01 6.878569606838796702e+00
-8.877792154325083729e+00 -2.257634323680308341e+01 6.883540907962419908e+00
-9.307918900334664514e+00 -2.178152794322616259e+01 6.861923289981373131e+00
-8.601932408467911628e+00 -2.182385138048969253e+01 6.891659177066066455e+00
-1.026920553465431674e+01 -2.028213230424398716e+01 6.741839424787952062e+00
-7.877398871505023159e+00 -2.007331932873833580e+01 6.676787092938631929e+00
-1.142416707848301627e+01 -1.925317924187269369e+01 6.978263236060553432e+00
-6.792849269666197287e+00 -1.917964579218371313e+01 6.864050820225697791e+00
-1.106159223835842731e+01 -1.782665859663093144e+01 6.675518290097143037e+00
-7.380483814488259853e+00 -1.802882140435700364e+01 6.269839219287715260e+00
-9.653963553864262082e+00 -1.684939334459360794e+01 6.649734563422258660e+00
-8.581177672896457054e+00 -1.689633817210989619e+01 6.564434112809553135e+00
-9.868641540951275104e+00 -1.560665684276927578e+01 6.328941782261734872e+00
-8.557820139223290212e+00 -1.561913388534815894e+01 6.109435821190564830e+00
-1.077141249893857378e+01 -1.454596969989098554e+01 5.874429599410731839e+00
-7.752368075856430174e+00 -1.454680085692505287e+01 5.475823578462406083e+00
-9.269546078168517056e+00 -1.392838976549884933e+01 5.700567306355983632e+00
-9.290458891238792205e+00 -1.297600549942055892e+01 6.259823142995277756e+00
-1.016752584947411009e+01 -8.955328820053420458e+00 4.376983248499274559e+00
-8.805039405609687009e+00 -8.948457404121789693e+00 4.355608837823902846e+00
-1.152769462493515640e+01 -4.944435407205846289e+00 4.000344397084354853e+00
-7.029025274748094354e+00 -5.332849059501334033e+00 3.683717896204200315e+00
-9.271437448549207261e+00 -5.809942479039690966e+00 3.534668527391766624e+00
-9.357250163809887056e+00 -1.684786172994841635e+01 1.124811314052182709e+01
