-8.981257667941102696e+00 -2.458334166325197501e+01 1.034395054942964443e+01
-7.770895099742864964e+00 -2.314609572536235049e+01 9.798922963425081178e+00
-1.063650953138959032e+01 -2.273180209629377302e+01 1.021637754869396986e+01
-7.169966337370541787e+00 -1.901207978822331768e+01 1.133212464534353181e+01
-1.144621367646281840e+01 -1.906521152988685230e+01 1.115442297115830605e+01
-8.678957889704729922e+00 -1.820195609137481796e+01 1.197591827250472285e+01
-1.052185385716614441e+01 -1.796521336650289413e+01 1.188395738434239490e+01
-3.686716053245995717e+00 -1.603660312289598977e+01 7.686246015418857880e+00
-1.476064732263347246e+01 -1.617610819937050337e+01 7.985816868582420902e+00
-6.444371312923314221e+00 -1.416823685630648022e+01 1.153127343782583480e+01
-1.210202997889734178e+01 -1.390877853259011410e+01 1.163171841667617379e+01
-3.196951466610043813e+00 -1.282914881650997430e+01 6.611754423228076050e+00
-9.113854108570913937e+00 -1.021932223144378327e+01 1.186570592418556380e+01
-1.521137362978286411e+01 -1.293222194821649218e+01 6.632359373026458726e+00
-4.681142685959854610e+00 -6.740284098694194981e+00 8.875342967887110746e+00
-9.338010124003780277e+00 -6.890927427287766527e+00 1.121269888972623185e+01
-1.369425697838031653e+01 -6.346174422834208961e+00 8.792118645673347999e+00
-5.088842714133043899e+00 -5.165881599083020248e+00 8.002733261533412801e+00
-9.370716983146234469e+00 -3.562440522855227609e+00 9.614658038305035959e+00
-1.336451189789755922e+01 -5.220333233876075951e+00 7.966616129441210781e+00
-9.463200661210994014e+00 -2.377875368258816735e+00 6.665955465473411223e+00
-1.423373082517524679e+01 -6.873211613296547284e+00 5.710030450335420227e+00
-1.446487200995562539e+01 -1.000316117684415040e+01 7.732705081179520157e+00
-1.407491208666112570e+01 -9.373280129018468187e+00 6.465775557203585322e+00
-4.177827107607224200e+00 -7.239754945706944333e+00 5.261116023923289475e+00
-3.958875889372262424e+00 -1.026548114401115264e+01 7.916667722086730308e+00
-4.384697487521195036e+00 -9.634012446884298697e+00 6.695832234027217389e+00
-9.161081334955651911e+00 -2.524709525757585027e+01 7.701245419525932334e+00
-9.170054695401683276e+00 -2.332005760456526389e+01 7.351885271434863256e+00
-9.482718018196299781e+00 -2.228424750154437817e+01 7.191814695358866416e+00
-8.893008841062309600e+00 -2.224215326212028998e+01 7.169464054197390190e+00
-1.061325615708256365e+01 -2.041283693289524948e+01 7.030698596336836914e+00
-7.991838961603344060e+00 -2.022869823015411939e+01 6.908743412624026803e+00
-1.178773830552769120e+01 -1.954842578334012870e+01 7.228915865777819860e+00
-6.558660880179073338e+00 -1.963358407370639469e+01 7.194725590087902134e+00
-1.122891048709655237e+01 -1.827274037810958518e+01 6.904929945824411774e+00
-7.047523399256677479e+00 -1.844410658681919912e+01 6.855447715773571815e+00
-9.734352568339634360e+00 -1.699678281774788147e+01 6.666092266964886548e+00
-8.679964766641004914e+00 -1.702313859435809817e+01 6.726137993026190642e+00
-9.943021795261866913e+00 -1.529537706413693954e+01 6.094306730988471088e+00
-8.671012329655990669e+00 -1.537516315716110427e+01 6.087184664691069891e+00
-1.094110901922130097e+01 -1.454477542254158706e+01 5.716319967125653712e+00
-7.735052741858355674e+00 -1.473113519355417367e+01 5.752658891698106736e+00
-9.248792799385034513e+00 -1.378261215496788594e+01 5.478514435689642248e+00
-9.271156180451997741e+00 -1.279751024581531738e+01 6.204512801588645488e+00
-9.846961728102710865e+00 -9.184443049610472087e+00 4.441403387672339775e+00
-8.387404319053068491e+00 -8.981633251591684797e+00 4.482728092987769308e+00
-1.182776411310836195e+01 -4.480517349520085624e+00 3.703831991830696779e+00
-6.663958644238592299e+00 -5.228113261817436630e+00 3.908565027964526095e+00
-9.073550450622931862e+00 -5.420865252885666230e+00 3.169439462726691303e+00
-9.603186543464616420e+00 -1.702846660460738093e+01 1.151503726125540084e+01
