-9.008947666920512631e+00 -2.500441508142957048e+01 9.574516214341079134e+00
-7.868389801215319501e+00 -2.346166554376078750e+01 9.085035992711398833e+00
-1.049907068089746254e+01 -2.308279126260019609e+01 9.475298725043888481e+00
-7.067280287937022898e+00 -1.929382151761032205e+01 1.071528397366001784e+01
-1.096385447760093967e+01 -1.896746769835901958e+01 1.102500719694977249e+01
-8.454581400349962195e+00 -1.816667951501687739e+01 1.170080933040426885e+01
-9.894174378105505596e+00 -1.790171450076518767e+01 1.176083360974428871e+01
-4.171418049925163629e+00 -1.598965411491927213e+01 7.770939306623912302e+00
-1.426386747955365486e+01 -1.569714315769539681e+01 7.754236007235787653e+00
-6.613235840062277049e+00 -1.432100787487291349e+01 1.128522070821643197e+01
-1.205006100243276101e+01 -1.363907557992706465e+01 1.127960550671394380e+01
-3.434209266749976841e+00 -1.314597120112066975e+01 6.724607161846848591e+00
-9.109473957723592363e+00 -1.022126356858329999e+01 1.158360684459648304e+01
-1.497526391201490092e+01 -1.282636945960289054e+01 6.670302630897364082e+00
-4.904703677207889356e+00 -6.458853629861948775e+00 8.677105924566575368e+00
-9.404278556844163361e+00 -7.042768202397273747e+00 1.085858114254713946e+01
-1.352717039767536100e+01 -7.065406955303280334e+00 9.071160205989961867e+00
-5.205257161998753546e+00 -5.170884859232813824e+00 8.102254920658481296e+00
-9.514976492321990165e+00 -3.950451773927562638e+00 9.515266412805502227e+00
-1.344993133110855688e+01 -5.881393875013990247e+00 7.936290904912441491e+00
-9.291156458476251601e+00 -2.928665924625475370e+00 6.291948395067062272e+00
-1.400250793033227836e+01 -7.121830431431294350e+00 5.009140530456078544e+00
-1.423705561347020065e+01 -1.034532356924089669e+01 7.894155688729590281e+00
-1.410013582452016934e+01 -9.622340159724529940e+00 6.771737976117034208e+00
-4.543281273789080643e+00 -7.680567941454585323e+00 5.646766139458518907e+00
-4.068893997446519251e+00 -1.058604049628879551e+01 7.909412325641727470e+00
-4.533971688428048097e+00 -1.002292296522191606e+01 6.553847755399446307e+00
-9.196762412370585338e+00 -2.463122103825959641e+01 7.001441713167009695e+00
-9.145485120134772217e+00 -2.294183030921128363e+01 6.848643458771709547e+00
-9.516677443539190762e+00 -2.225459270131496936e+01 6.821891886049442633e+00
-8.972174668469101277e+00 -2.216594064088365101e+01 6.831971818285649256e+00
-1.036136678062062089e+01 -2.062834262957820286e+01 6.667080148365155168e+00
-8.288266874066680501e+00 -2.039191888926460550e+01 6.645453977857751049e+00
-1.147610505272194459e+01 -1.962412322230698436e+01 7.029721959844821733e+00
-6.992916112772450177e+00 -1.959654774450052628e+01 7.139840853184636238e+00
-1.126642369728105919e+01 -1.831510706752429485e+01 6.739357527405575254e+00
-7.583088252945874075e+00 -1.828340436178918793e+01 6.646989641335808940e+00
-1.018222648648279005e+01 -1.741483541411011515e+01 6.770800562156805924e+00
-9.093419078613564466e+00 -1.734374204885176596e+01 6.809670407102384360e+00
-1.017096761504197389e+01 -1.589448515959903219e+01 6.409967456690817578e+00
-8.866666542077425106e+00 -1.582864225027329219e+01 6.309590508807759512e+00
-1.089793562683068728e+01 -1.472988343501843289e+01 5.948059032264193746e+00
-7.803664260216136128e+00 -1.463598450566743381e+01 5.700048493448960585e+00
-9.161248954399489719e+00 -1.369201086666861755e+01 5.646432710424589274e+00
-9.223075706679363606e+00 -1.242677935601606443e+01 5.988785471262204396e+00
-1.018811334467499385e+01 -9.046730230899559189e+00 4.614598009848350557e+00
-8.475194895759059932e+00 -8.974812344869150138e+00 4.703756611047129610e+00
-1.110813695579592242e+01 -5.615531122134967745e+00 3.644802699878292973e+00
-6.460453379989544054e+00 -5.457396093988783115e+00 3.729643907237031542e+00
-9.033916780839836846e+00 -5.985002278448103397e+00 3.698167307393165792e+00
-9.508664799013027746e+00 -1.691935526592008898e+01 1.137569459509624359e+01
