-9.123297175118871394e+00 -2.485607122190051754e+01 8.672496482933301110e+00
-8.022227478851496230e+00 -2.319730289651755939e+01 8.914224567436273006e+00
-1.043466078833080068e+01 -2.257156362035030739e+01 9.073707712629484945e+00
-7.071384157401614523e+00 -1.924509925669861232e+01 1.067730411363899101e+01
-1.115347414012325089e+01 -1.829062116755367384e+01 1.102253297350868166e+01
-8.201582749888064683e+00 -1.780528477537193766e+01 1.170180252084080941e+01
-9.838571799198502887e+00 -1.722297228807840241e+01 1.176527597817962345e+01
-4.341294121107883264e+00 -1.626642993364666268e+01 7.646240310538284568e+00
-1.422843893568432172e+01 -1.574173321121862479e+01 7.658481635730470138e+00
-6.425487888045041451e+00 -1.367763813612183199e+01 1.133783273059352759e+01
-1.196427842076326797e+01 -1.365844939684523496e+01 1.128215352233716651e+01
-3.436623148691398288e+00 -1.293135971383119376e+01 6.646624293173387876e+00
-9.203524778715058474e+00 -1.063672086230074498e+01 1.183367608813747829e+01
-1.507374513297497387e+01 -1.249851657017072526e+01 6.977188210517919487e+00
-4.648659423137390334e+00 -7.055865521998311074e+00 8.677118614325481261e+00
-9.293899109160189909e+00 -6.742222237590740797e+00 1.075542516669157500e+01
-1.395123407693443340e+01 -6.909522838486693352e+00 8.584448981709989823e+00
-5.226104525189527727e+00 -5.331770919749469151e+00 7.659216008123884478e+00
-9.053779119085104909e+00 -4.138370798377909665e+00 9.375307243651258560e+00
-1.356125309090457876e+01 -5.523222720847613232e+00 7.680089088030058520e+00
-9.090824486626752687e+00 -2.990161511923322912e+00 6.265570867338489336e+00
-1.430629527199570461e+01 -7.165974276332252479e+00 5.359325636661162129e+00
-1.429122910928348311e+01 -9.752002836101253180e+00 8.233267064712322281e+00
-1.409465245576153158e+01 -9.457041586298835512e+00 6.826540678878085799e+00
-4.497883184756157782e+00 -7.267061897024348127e+00 5.287666348695057472e+00
-4.116957573172525642e+00 -9.935189687654116142e+00 7.743468249397627012e+00
-4.609398859657145131e+00 -9.876457662331759479e+00 6.473730966223156358e+00
-9.513063597047082709e+00 -2.431136879100451154e+01 6.452300553531978622e+00
-9.099932831533802613e+00 -2.262259230061932413e+01 6.341134479269078916e+00
-9.407594112341806536e+00 -2.187584417139836290e+01 6.411213566713556133e+00
-8.827184784074034951e+00 -2.184867060309779419e+01 6.337912718202572293e+00
-1.021848860246951674e+01 -2.007176611667709309e+01 6.261885488161106572e+00
-8.132237259298843668e+00 -2.003283466945808300e+01 6.208692870738123482e+00
-1.148358152816965116e+01 -1.920833207261439313e+01 6.591453212474150725e+00
-7.100069128835726495e+00 -1.907286103954053047e+01 6.346570086807739486e+00
-1.116597778964060694e+01 -1.803206410080155919e+01 6.638536019316121362e+00
-7.682399912384704876e+00 -1.774971836030318784e+01 6.362754196980134225e+00
-9.697056880254400824e+00 -1.714351826730623429e+01 6.748105653653405867e+00
-8.701535714394211141e+00 -1.680160291001647010e+01 6.761997399057759317e+00
-1.001064116021936456e+01 -1.575895173172932395e+01 6.472531838499967272e+00
-8.760572643527179792e+00 -1.545585537460791770e+01 6.312781022559294186e+00
-1.108134217947047340e+01 -1.452586061784210969e+01 6.124512845083432744e+00
-8.101015959198432981e+00 -1.453277491277768796e+01 5.813527897332904537e+00
-9.752846118681603116e+00 -1.398208243874937473e+01 5.936744423433907514e+00
-9.716870717799530155e+00 -1.291002995469055925e+01 6.573956288853940677e+00
-1.016899984054853689e+01 -9.261505039912920623e+00 4.740465432946477264e+00
-8.560315781156019099e+00 -9.326248948757218216e+00 4.780593057284816538e+00
-1.164927523061734149e+01 -5.739029298585585082e+00 3.893224410004984648e+00
-6.764465606899337402e+00 -5.822622521980261645e+00 3.619377208966577886e+00
-9.612548820122478688e+00 -6.385782726791379815e+00 3.529256064030469098e+00
-8.990091510169095912e+00 -1.660352861047700657e+01 1.137694296456202636e+01
