-8.992513480748865362e+00 -2.574600320330349490e+01 9.198170167798254582e+00
-7.819150767989381912e+00 -2.346498606291130073e+01 9.439649696937790324e+00
-9.991072119860920253e+00 -2.351501238639014346e+01 9.770944463844925210e+00
-7.323650123102446230e+00 -1.901469658782426109e+01 1.128993287390393263e+01
-1.118688898863978487e+01 -1.946621461346666848e+01 1.110754020327313185e+01
-8.344971779642314402e+00 -1.790868408829769010e+01 1.187800930052593529e+01
-9.883323628259274685e+00 -1.825953292887494683e+01 1.195229062689851673e+01
-3.938795967847063206e+00 -1.590518066208536396e+01 8.010543077140264145e+00
-1.445657116880886939e+01 -1.598507710031720563e+01 8.064696055297018162e+00
-6.910849095878472959e+00 -1.425324669374155206e+01 1.163871013271458565e+01
-1.159528690518766325e+01 -1.413053738057370623e+01 1.156880032955542070e+01
-3.557600257552469891e+00 -1.349343047484942915e+01 7.028943649122695092e+00
-9.117439172164276684e+00 -1.077332549510942350e+01 1.198393084449032209e+01
-1.495420445520079689e+01 -1.238683697640860437e+01 7.083712923355989233e+00
-4.984503197145171427e+00 -6.361271044493232552e+00 8.799619627539854605e+00
-9.572131732415359195e+00 -6.739877287185529475e+00 1.101810676468154071e+01
-1.359726864655527834e+01 -6.522154630724432245e+00 8.807499558753711710e+00
-5.424270036876289502e+00 -4.715574464233643681e+00 7.727614018582275257e+00
-9.308616069223731415e+00 -3.788290190225903853e+00 9.370254078790756225e+00
-1.331390337642907085e+01 -5.275260468285968507e+00 7.747015684437117855e+00
-9.397484526429108698e+00 -2.558875312933157620e+00 6.345797172627205995e+00
-1.405613018340875442e+01 -6.721372491528683213e+00 5.478067864094035677e+00
-1.406249236452771889e+01 -9.998908748120550527e+00 8.060264394421116307e+00
-1.369194766110059724e+01 -9.515120396675499137e+00 6.830005163364210929e+00
-4.461902311791772213e+00 -7.055215849741860445e+00 5.237871536800933647e+00
-4.221220712653769525e+00 -9.969434425076569184e+00 7.900356208100530075e+00
-4.828371591016034081e+00 -9.694324278639317782e+00 6.879999822993633884e+00
-8.944252444428276050e+00 -2.485460636866923423e+01 7.182547505224139428e+00
-9.103295438521524119e+00 -2.325737468205333158e+01 6.896562917497260692e+00
-9.546387157869757445e+00 -2.258046331512356630e+01 6.897557873360140590e+00
-8.893912622947905078e+00 -2.255486471397540882e+01 6.881490011289020714e+00
-1.047714455978612236e+01 -2.087813981317356848e+01 7.069734425653698473e+00
-8.064292073542318917e+00 -2.064943925992972495e+01 6.900661051162792603e+00
-1.163852309325060652e+01 -1.963390530442387671e+01 7.200417644716075927e+00
-6.883031609775378534e+00 -1.962056989120670281e+01 7.230642245580116700e+00
-1.111040042148009199e+01 -1.818923751502003228e+01 6.704350564283331870e+00
-7.382905071078853965e+00 -1.834474197218724356e+01 6.686669982313091509e+00
-9.558527578511746725e+00 -1.711004897025290461e+01 6.702887321988776570e+00
-8.502439002774000443e+00 -1.716133646862169471e+01 6.752966557544004544e+00
-9.628706948804643062e+00 -1.551913242276619798e+01 6.489593316921753008e+00
-8.335899341791273898e+00 -1.558926116497898207e+01 6.325630520415758795e+00
-1.064274043987250629e+01 -1.465141086384350011e+01 6.191342478678471650e+00
-7.661781482816595990e+00 -1.460467505400792909e+01 5.990342266990650089e+00
-9.045056584128001731e+00 -1.407964255824344590e+01 5.832878013483817625e+00
-9.152653185800041058e+00 -1.334286622537563005e+01 6.413018556312381158e+00
-1.015241663509520365e+01 -8.691246594662388247e+00 4.591387404248753690e+00
-8.576755241171989397e+00 -8.721745952581651196e+00 4.641463587530903823e+00
-1.181466455440202701e+01 -5.181165524587758142e+00 4.250606769795828299e+00
-6.837141158358637227e+00 -5.062544419374157556e+00 3.782344355304718242e+00
-9.118537176946173162e+00 -5.428154190832336745e+00 3.286708452253773061e+00
-9.309057689868192043e+00 -1.694678041513782674e+01 1.139187363295166477e+01
