-9.234926859820948408e+00 -2.541429961371292379e+01 9.860203842598874502e+00
-7.855769749364439392e+00 -2.356381663046864361e+01 9.579434808860366246e+00
-1.007438284264034145e+01 -2.349377929928634501e+01 9.908477617671334059e+00
-7.156115181500492639e+00 -1.938813026727578759e+01 1.113921182192972203e+01
-1.141879540688050199e+01 -1.897195744872675860e+01 1.099383079175137112e+01
-8.111520799901418499e+00 -1.813944360582868143e+01 1.175023790621363418e+01
-9.961131789484710453e+00 -1.777210582953049212e+01 1.182593590800891192e+01
-3.928745723667956380e+00 -1.655347941162159842e+01 7.956611017424204846e+00
-1.459469190366026758e+01 -1.595294443825812536e+01 7.599402919414924185e+00
-6.268674466840529647e+00 -1.392485625946826389e+01 1.119594672739652452e+01
-1.184952935586893119e+01 -1.416805072740367422e+01 1.125407070750024907e+01
-3.242135018479660680e+00 -1.326490310777285053e+01 6.827214522575854261e+00
-9.522215492672893689e+00 -1.038054366609707202e+01 1.159384351516762912e+01
-1.540342234669982169e+01 -1.300961415442038671e+01 6.819157698022725533e+00
-4.593041532792492276e+00 -6.548799907732212766e+00 8.500245340148111950e+00
-9.281623198448285095e+00 -6.741591335453084533e+00 1.068133556492524683e+01
-1.391464010046761679e+01 -6.562470084460112929e+00 8.361865979709595109e+00
-5.295315109595616576e+00 -4.654246726626721120e+00 7.427585083865022142e+00
-8.887788297231059786e+00 -3.613633376950196485e+00 9.215664958516295968e+00
-1.349661231423472607e+01 -5.308283279024149870e+00 7.725224025683633755e+00
-9.070241290143780333e+00 -2.515308298557497491e+00 6.358639521143036433e+00
-1.420002485519746038e+01 -6.614342183725522517e+00 5.177892159878425993e+00
-1.444303072588012249e+01 -1.047173112436739117e+01 8.021158305300376767e+00
-1.397931679521010118e+01 -9.944517236483378042e+00 6.602211643799319241e+00
-4.295320113029498010e+00 -6.922110413577788890e+00 5.436741311059059001e+00
-4.008423011965365212e+00 -1.018896720378461218e+01 7.471135718584581475e+00
-4.629518513221047904e+00 -9.680245466448985425e+00 6.218477831467079220e+00
-8.750544848885192906e+00 -2.507026389423024426e+01 7.131618276828699976e+00
-9.073713457922554682e+00 -2.349659031045448643e+01 6.988080624316546086e+00
-9.461915781787929802e+00 -2.276723175188623216e+01 6.985740327503956237e+00
-8.861467630779953808e+00 -2.271822797661982918e+01 6.891806561098796635e+00
-1.037703922450431548e+01 -2.077395105863882208e+01 6.991610804152335490e+00
-8.228884057200003710e+00 -2.052768758312261355e+01 6.668051024005997363e+00
-1.167652219591917451e+01 -1.979251653416692491e+01 7.165066507785146754e+00
-6.906841627019853824e+00 -1.983956338789410978e+01 6.847932893291996059e+00
-1.115507960087764872e+01 -1.831411737693015596e+01 6.669232892511010924e+00
-7.309707162821823090e+00 -1.837268576610792437e+01 6.506057464345552432e+00
-9.794650575628066846e+00 -1.688997470454566141e+01 6.522190259722895789e+00
-8.660250092322954174e+00 -1.682200903436118722e+01 6.525686781913681678e+00
-1.005898017942008416e+01 -1.576726941108803359e+01 6.199991508206713853e+00
-8.575193951398636827e+00 -1.571902331447193291e+01 6.095550428419672429e+00
-1.103532186895602685e+01 -1.481944063632065856e+01 5.892095337525136145e+00
-7.512839603491351603e+00 -1.458645255330790214e+01 5.712080974643240161e+00
-9.197047326459397709e+00 -1.386569415424202667e+01 5.528655527668688840e+00
-9.340540617723593897e+00 -1.293658487200065998e+01 6.308376427029094735e+00
-9.835465186853028285e+00 -8.758723066883222330e+00 4.448229085352277679e+00
-8.398479219011520058e+00 -8.951775688949229703e+00 4.541406776418157598e+00
-1.157387605273907916e+01 -4.850723578330900843e+00 3.739669206276952096e+00
-6.509984904085095891e+00 -4.896008666288232725e+00 3.955622338235464941e+00
-8.900105371328987047e+00 -5.403170633008203438e+00 3.405304603087748294e+00
-8.946383762640824244e+00 -1.701842204691418914e+01 1.156865718869032023e+01
