-9.204949840289973650e+00 -2.543638315964832586e+01 9.906423086350130802e+00
-7.941082983189907907e+00 -2.343765734377483412e+01 9.522985104135488044e+00
-1.014231682725120898e+01 -2.325135077833627761e+01 1.003712647369250810e+01
-6.850923699388663302e+00 -1.927608874941980588e+01 1.096857383951897269e+01
-1.122473505596172316e+01 -1.918617787687927390e+01 1.132372200704385889e+01
-8.252630158558712736e+00 -1.829394971675661807e+01 1.183428677642637439e+01
-1.017330263079732511e+01 -1.786367910585139285e+01 1.178657823133210769e+01
-3.985682287284018965e+00 -1.610956332074653830e+01 7.768304279218501307e+00
-1.462558665949940639e+01 -1.570167837545760037e+01 7.782061995204451854e+00
-6.516363391185722165e+00 -1.369037377391084043e+01 1.137997597071569800e+01
-1.182592114588713272e+01 -1.393549378126185800e+01 1.163372696397475181e+01
-3.190268443539479915e+00 -1.274040730558172108e+01 6.645322127914956134e+00
-9.097911023610670611e+00 -1.064271348988751775e+01 1.159594599639679480e+01
-1.542151543053517848e+01 -1.269136862366049456e+01 6.884270065193500265e+00
-4.522013684781720499e+00 -6.755772728176954622e+00 8.260466918779775014e+00
-9.559325461261352075e+00 -6.745572961681808088e+00 1.070797573140784920e+01
-1.335800616514056038e+01 -6.381109239915320863e+00 8.925526849135492213e+00
-5.033260497218269514e+00 -5.158477602384235361e+00 7.596637970110845295e+00
-9.347050661038647235e+00 -3.761238544948078744e+00 9.275179480694660583e+00
-1.301564332676540658e+01 -5.151710810993556322e+00 7.966741783904115692e+00
-8.952335826844850075e+00 -2.617519270809549603e+00 6.341532001546135611e+00
-1.412427710010097570e+01 -6.632224476145506031e+00 5.578879929716683783e+00
-1.476077949956752811e+01 -1.050390403178751519e+01 7.845557018570445962e+00
-1.411292203233490383e+01 -9.820433125146491804e+00 6.730933173114310719e+00
-4.569307237441062597e+00 -7.167706882693730464e+00 5.292934207107650835e+00
-3.758720495132272355e+00 -1.008417624109053179e+01 7.972260218150474032e+00
-4.301148644685184763e+00 -9.798039215836169546e+00 6.725951324952646360e+00
-8.988921370146567114e+00 -2.495022930897091484e+01 7.750299140064630166e+00
-9.053723879535153785e+00 -2.303048881003089932e+01 6.894616516588119026e+00
-9.451159011061552206e+00 -2.218861803849091530e+01 6.674755078896442484e+00
-8.810850977012535168e+00 -2.216747682236275807e+01 6.801180792306896095e+00
-1.039996573516830480e+01 -2.019887189633200464e+01 6.719826381369291113e+00
-8.155179306297803521e+00 -2.031325029119920700e+01 6.832534376636150597e+00
-1.156615192764748912e+01 -1.910795936423925667e+01 6.923319628662866876e+00
-6.781426448171771426e+00 -1.947090159613788174e+01 7.063187060702756703e+00
-1.105526210063769454e+01 -1.806678010722055561e+01 6.808969223685929606e+00
-7.539226385589284263e+00 -1.819376715924859056e+01 6.472876592766300341e+00
-9.977071682616866610e+00 -1.719158790711987095e+01 7.096147880626415549e+00
-9.056790846226727254e+00 -1.720408042664833914e+01 7.004286803173828346e+00
-1.009543768655342966e+01 -1.554787067093109698e+01 6.591782805896531983e+00
-8.791133229126474546e+00 -1.563512615778762438e+01 6.429033469891319186e+00
-1.096313715198740368e+01 -1.453550974113729843e+01 6.155128565388515050e+00
-7.757832934299198513e+00 -1.458492863300349462e+01 5.820360723417032034e+00
-9.348502917791368105e+00 -1.376044599557775072e+01 5.794681087903663652e+00
-9.386026081383310071e+00 -1.288153753992385653e+01 6.429118198940915185e+00
-1.006113024538755596e+01 -9.317205906055965769e+00 4.523500976467414780e+00
-8.614014573444221057e+00 -9.096619493209622931e+00 4.546613888970087558e+00
-1.160171345080842187e+01 -5.017821252422990597e+00 4.117160982105735556e+00
-6.970015884485854407e+00 -5.356698375463358808e+00 3.688455886274721429e+00
-9.273520009816085263e+00 -5.644322980949890045e+00 3.371381727762288172e+00
-9.176476230050571559e+00 -1.721033199438971906e+01 1.147326575470512466e+01
