-9.382619990717264713e+00 -2.580824381250528177e+01 9.226259127031173790e+00
-7.766992293904901423e+00 -2.341839591133913956e+01 9.691095083614920114e+00
-1.029160772175902672e+01 -2.297282312968392759e+01 9.864039000302707194e+00
-7.497771236509180426e+00 -1.899460082248159054e+01 1.141248359211401819e+01
-1.108277739113155391e+01 -1.904162135258361488e+01 1.095421969542542051e+01
-8.413450225762453272e+00 -1.782378596732164766e+01 1.177425969815899087e+01
-9.808229644031978722e+00 -1.787804946043802445e+01 1.186090675800992500e+01
-3.899685886343116081e+00 -1.601070583585465812e+01 7.683821389049271922e+00
-1.462402583612760942e+01 -1.596113344435620007e+01 7.659011463318954327e+00
-6.785838937263331871e+00 -1.406276054976333612e+01 1.154220005282916439e+01
-1.187606033078972523e+01 -1.381950264974387110e+01 1.134094246914083293e+01
-3.253790124755810975e+00 -1.263475897834701378e+01 6.699416993431115408e+00
-9.210573326467638822e+00 -1.030730472709540102e+01 1.153604550564697817e+01
-1.531114229869338850e+01 -1.279906325900272712e+01 6.912638164497462157e+00
-4.766554310817054940e+00 -6.416741298905951574e+00 8.498888762765297145e+00
-9.064671294590175066e+00 -6.942439356443330212e+00 1.076002885405435627e+01
-1.353672370450182427e+01 -6.857531898696171524e+00 8.915497896006339573e+00
-5.273038321625392655e+00 -5.108990529012196191e+00 7.876249843828952102e+00
-9.447274844222853574e+00 -3.736867737615975127e+00 9.565648366364229105e+00
-1.303171206970285390e+01 -5.252817278259932721e+00 7.758237000955464424e+00
-8.946401212205525866e+00 -2.639326892554313631e+00 6.851941789972324948e+00
-1.411582078368025073e+01 -6.798557192766086388e+00 5.676820055784449259e+00
-1.426447298230142380e+01 -1.015374116627273970e+01 7.492231318283335106e+00
-1.385997854266930318e+01 -9.598957593493343765e+00 6.420245619373171841e+00
-4.524765418091027058e+00 -7.398455139019152860e+00 5.249186360918159266e+00
-4.054517623852124331e+00 -9.940391176734090450e+00 7.745090513121934528e+00
-4.408678403350409170e+00 -9.770770070422244657e+00 6.674452394587217618e+00
-8.791524722540096093e+00 -2.505791224626296909e+01 6.857737052108084264e+00
-8.845316184788211800e+00 -2.297286236996355058e+01 7.052161448365234619e+00
-9.358010356756340187e+00 -2.216662649196854673e+01 6.904044327310590035e+00
-8.696932238788578573e+00 -2.220060264171960185e+01 7.040964892154280008e+00
-1.025866534654624118e+01 -2.033635065248850893e+01 6.726315067340888021e+00
-8.191479815656160568e+00 -2.046478291084603995e+01 6.867597585011801620e+00
-1.139511546661823971e+01 -1.919682024696104250e+01 6.975368247491048557e+00
-6.900251396566359219e+00 -1.942205191475114745e+01 7.153054503521610208e+00
-1.107609232129983035e+01 -1.790234704465846960e+01 6.593599587801795892e+00
-7.590543545269071046e+00 -1.807719348869962062e+01 6.659314610532575784e+00
-9.902232534418361709e+00 -1.692892970718682477e+01 6.685381431537612329e+00
-8.964381570361711127e+00 -1.699892228318723042e+01 6.953357672731798722e+00
-1.003297575610872983e+01 -1.542232957813960859e+01 6.152868260516704879e+00
-8.707907040699570445e+00 -1.564330012521646474e+01 6.345395929470208252e+00
-1.109202384644394002e+01 -1.439796379511595958e+01 5.684427794921703025e+00
-7.755796290198290421e+00 -1.482371193804669396e+01 5.870970522684295645e+00
-9.457074961989933470e+00 -1.386222925452857702e+01 5.575015234719616686e+00
-9.614695973053532185e+00 -1.274738464076137490e+01 6.162524514803028097e+00
-9.851762432992577700e+00 -8.742683222354777683e+00 4.599041924098021816e+00
-8.523647448022551032e+00 -8.928190287271963399e+00 4.563787387592219247e+00
-1.158945292409520178e+01 -4.982361770069538842e+00 3.931221527631221235e+00
-6.383717369224189753e+00 -5.013051163142897337e+00 4.072068676797316655e+00
-9.004148547617287335e+00 -5.551895415290966085e+00 3.434066879823169938e+00
-9.275419959796924019e+00 -1.668120297293895504e+01 1.126829396083875601e+01
