-8.960923787907789873e+00 -2.332813722933352096e+01 9.338960501489813382e+00
-8.263528886697205422e+00 -2.177068898679653941e+01 9.193688983926467273e+00
-1.011984933635461559e+01 -2.163503004101522365e+01 9.349015204444523164e+00
-7.729623521848627554e+00 -1.844244977452413892e+01 1.086095295111267589e+01
-1.078183988049970665e+01 -1.830034561743152466e+01 1.065850455916072015e+01
-8.341683543052250016e+00 -1.735171122595210846e+01 1.108681292770827298e+01
-9.516216137093648442e+00 -1.749749392039394991e+01 1.111898204766140452e+01
-4.395164027489776970e+00 -1.555559453039077766e+01 7.200078024752990302e+00
-1.402733711788318338e+01 -1.565467824830399302e+01 7.654754362898516185e+00
-6.546337046029695017e+00 -1.354307269397662239e+01 1.089898644042956199e+01
-1.184613094856492488e+01 -1.353454000751999686e+01 1.088722536613861713e+01
-3.738378530432370006e+00 -1.260784993610912430e+01 6.358956181251150142e+00
-9.316831455531168871e+00 -1.021586303370190407e+01 1.119401106235005905e+01
-1.476217783640488967e+01 -1.296019108017232924e+01 6.978375980692371527e+00
-5.406717551765996888e+00 -7.080894136703382635e+00 8.763197399755881634e+00
-9.548063102534309010e+00 -7.076559829192147433e+00 1.034386663581842392e+01
-1.314895765036617448e+01 -7.400891292653446918e+00 8.709587378696685533e+00
-5.574612928656882183e+00 -5.931916391640070785e+00 8.259116911633508806e+00
-8.975421797102560717e+00 -4.511833028701825121e+00 9.471460929766639225e+00
-1.291653516802159274e+01 -6.339984882272633904e+00 7.800160562043330970e+00
-9.179821301535763922e+00 -3.861785398199684582e+00 6.993080286459020023e+00
-1.378535629677413077e+01 -7.333666213535648737e+00 6.204500710403531016e+00
-1.395157520695282649e+01 -1.035590508708191848e+01 8.013792454405441745e+00
-1.375274523583003017e+01 -9.960412663531558408e+00 7.039385579209758603e+00
-4.922242424136382688e+00 -7.793478010420254343e+00 5.691760753926688565e+00
-4.375075687058117779e+00 -1.050024137991620421e+01 8.311234155236400412e+00
-4.593584875124217426e+00 -1.007992940173064866e+01 7.104416215435771065e+00
-9.134457171751957816e+00 -2.314364842729648331e+01 7.329729153902569294e+00
-8.870204711411219023e+00 -2.152870179998342692e+01 7.007998570230839164e+00
-9.063732221097181352e+00 -2.095707306627798161e+01 6.878389684108825897e+00
-8.612075715020788280e+00 -2.095718249482960616e+01 6.882668803565113791e+00
-1.000033228411532882e+01 -1.949009955751488121e+01 6.815472914660629655e+00
-8.170371946444753064e+00 -1.914081140114202739e+01 6.725213300763433821e+00
-1.144082532635723126e+01 -1.835989307488902256e+01 6.875697785843583709e+00
-7.201742161587352697e+00 -1.839720180101418734e+01 6.859052761707966184e+00
-1.083474262646782194e+01 -1.712894719608012650e+01 6.480122019147099621e+00
-7.721361742646426940e+00 -1.745727560486177765e+01 6.393367731834666223e+00
-9.814921143535462633e+00 -1.626256603248629773e+01 6.572853072329513324e+00
-8.937102771512487109e+00 -1.640372245389459138e+01 6.613378737163844612e+00
-1.020827917881647906e+01 -1.506014726714453111e+01 6.349070731576148319e+00
-8.921311594895851016e+00 -1.528131262982367922e+01 6.375297995286326902e+00
-1.085241354333272312e+01 -1.408725738101704117e+01 5.999668804775757813e+00
-7.811238913114507909e+00 -1.433700232404509478e+01 6.002917529221184267e+00
-9.294403821223067297e+00 -1.344833744823485588e+01 5.738127017564073284e+00
-9.697501001130120812e+00 -1.253302846331273024e+01 6.098666644544717741e+00
-9.847395330159351090e+00 -9.055596666242355042e+00 4.994188154430394100e+00
-8.222629064005623434e+00 -9.109751770566495210e+00 4.926387666093847706e+00
-1.154464539778842358e+01 -6.219223163649569841e+00 4.859274813731039089e+00
-6.890210207649997365e+00 -6.501591052183947284e+00 4.330857112812751986e+00
-9.138500043030580500e+00 -6.857293171976976076e+00 4.180277766662469752e+00
-8.868256666319020098e+00 -1.658333287719597493e+01 1.078861203711229422e+01
