-9.256206756616105480e+00 -2.540947700993868352e+01 9.490238903891571098e+00
-7.937683205382157325e+00 -2.367137597964206108e+01 9.533672738315013717e+00
-1.027799374350198747e+01 -2.366100793097508870e+01 9.491282747619557369e+00
-7.302068078637830695e+00 -1.951138122465218316e+01 1.118142232253162938e+01
-1.115477892658555703e+01 -1.934301789540008798e+01 1.082010043182284420e+01
-8.361353986482825462e+00 -1.781329210444401667e+01 1.181812404649647341e+01
-1.004310799074122684e+01 -1.795696892960718927e+01 1.174009041889661553e+01
-4.056857766857934422e+00 -1.627719864237105796e+01 7.875845094357497800e+00
-1.452707709646474221e+01 -1.543117360869126031e+01 7.468686759190613422e+00
-6.702235802027782796e+00 -1.406935372099711046e+01 1.133731130825298017e+01
-1.176602611535955667e+01 -1.359405640039110708e+01 1.149244923828978848e+01
-3.382553353499829552e+00 -1.312289608544366182e+01 6.761421318898797495e+00
-8.575269661044908176e+00 -1.050081588058855075e+01 1.161166803638004552e+01
-1.500177129110851482e+01 -1.303915797565474222e+01 7.017688467795507812e+00
-4.912303458795785005e+00 -6.415849676380297240e+00 8.741334008219350693e+00
-9.123480796095277512e+00 -6.875410014285358251e+00 1.079845781015974104e+01
-1.342849526490203615e+01 -6.658331630244721744e+00 8.891586798451067253e+00
-5.473927580196442655e+00 -4.833638574231730267e+00 7.863259766488345903e+00
-9.187196785721564396e+00 -3.815603944226030109e+00 9.485416169235474371e+00
-1.323083469991627759e+01 -5.332179020724652219e+00 7.837013093122839003e+00
-9.391748214866860067e+00 -2.668244306965371848e+00 6.367363134551732529e+00
-1.409475090329023672e+01 -6.886299432498031337e+00 5.421761305433547840e+00
-1.439132807495011690e+01 -9.972166206744116579e+00 7.688488642584546895e+00
-1.391924834187499549e+01 -9.661794432721229953e+00 6.715318651068137967e+00
-4.302120834289288709e+00 -7.017307397492259291e+00 5.604276394719946097e+00
-4.141956587736797424e+00 -1.037922853123580325e+01 8.124738468465761088e+00
-4.563385497401311497e+00 -9.931838023750572120e+00 6.788718690461563732e+00
-9.282330445554652698e+00 -2.504971013409299019e+01 6.764654498922277881e+00
-8.907966626785491115e+00 -2.348596637039559454e+01 6.592592337853734996e+00
-9.175513736825676503e+00 -2.274579687718970789e+01 6.664148158467155802e+00
-8.610030614329653886e+00 -2.269856397009989735e+01 6.697893133195355730e+00
-1.026056131122565418e+01 -2.094694792102402658e+01 6.985771848232337433e+00
-8.030809152977562704e+00 -2.059893026619620571e+01 6.825043467947199183e+00
-1.162608394216473862e+01 -1.983628083910902618e+01 7.158131435459281100e+00
-6.974738269084786779e+00 -1.968201838417327210e+01 7.068376028167731917e+00
-1.108209162386740054e+01 -1.855164501603913862e+01 6.914438044491004298e+00
-7.442643120648771315e+00 -1.835240864737406596e+01 6.467357831629175990e+00
-9.724014636721213023e+00 -1.750364167312769936e+01 6.987070968697950413e+00
-8.812055431209225631e+00 -1.752079687436161137e+01 6.928314204705014134e+00
-9.637726091188813626e+00 -1.577433671971175322e+01 6.524046655392851335e+00
-8.625344626948070470e+00 -1.592428862606166362e+01 6.429176713532501530e+00
-1.056302708622582642e+01 -1.469095945338672848e+01 5.980893911607752855e+00
-7.800837129476101417e+00 -1.481564441442919389e+01 5.930392395013043938e+00
-9.173442828091971535e+00 -1.389071661168869731e+01 5.532086063702967849e+00
-9.297210831299205225e+00 -1.280820016407762196e+01 6.054705812031499157e+00
-9.977764602212435108e+00 -9.313074241880773485e+00 4.587121739053986680e+00
-8.210442687676046347e+00 -9.233637563168811013e+00 4.700012579878780627e+00
-1.180911513983514283e+01 -5.027367062135044584e+00 4.094629756980792123e+00
-6.595916551455729859e+00 -5.360297375600548975e+00 3.959687284625029946e+00
-9.327946669080008135e+00 -5.956708308790322981e+00 3.457669104576156727e+00
-9.278877069976047665e+00 -1.684180436460059838e+01 1.128391859406941045e+01
