-9.037616060053219158e+00 -2.500368282402406805e+01 9.303775705134761154e+00
-8.066287811924604867e+00 -2.303842857270318589e+01 9.180260841640130565e+00
-1.028431152636262347e+01 -2.243997095645134721e+01 1.005846213091531283e+01
-7.423163277967272045e+00 -1.887121166247568027e+01 1.117844139748465793e+01
-1.110821279162856534e+01 -1.897156815952996922e+01 1.080730158115566475e+01
-8.720154741214921401e+00 -1.754388154728497895e+01 1.156607942243721787e+01
-1.026920356113210175e+01 -1.745288576191151364e+01 1.164797655211946470e+01
-4.074805101880220271e+00 -1.585853198310555001e+01 7.374543472212948814e+00
-1.420855613531573525e+01 -1.613420883380524984e+01 7.368643208723584692e+00
-6.689977890961417373e+00 -1.439760247489997802e+01 1.134360035697243951e+01
-1.164227877634507280e+01 -1.404271240550810163e+01 1.142005540453309997e+01
-3.621289120399366457e+00 -1.339486239744811868e+01 6.663018660962585216e+00
-8.958526238359318938e+00 -1.035970658842951053e+01 1.163246264409167452e+01
-1.506307284137776570e+01 -1.256569198644892715e+01 6.657483708482612172e+00
-5.137827661421372483e+00 -6.063216851383244510e+00 8.382112418118321528e+00
-8.802022324933151509e+00 -6.985830952216333323e+00 1.077618234405949593e+01
-1.336796953954430833e+01 -6.609359852847255468e+00 8.611730678788330096e+00
-5.440408336324837890e+00 -5.124414088068306228e+00 7.759652164772841587e+00
-9.337249841657444094e+00 -3.666810703648614833e+00 9.344228202825219043e+00
-1.302077632090406567e+01 -5.515506486115431706e+00 7.730449956969531300e+00
-8.854933247525773155e+00 -2.905662809566036842e+00 6.533480236791861628e+00
-1.401056746949181964e+01 -7.347728540143691589e+00 5.691201522166856819e+00
-1.416448349904279702e+01 -9.912663598870317117e+00 8.082893619878564806e+00
-1.387172415882230325e+01 -9.556410566358993108e+00 6.645987959764029895e+00
-4.622809513176257212e+00 -7.519748082802881761e+00 5.475903265310365420e+00
-4.070896776536670814e+00 -1.006951698416297880e+01 7.908891295940938981e+00
-4.540992957316149159e+00 -9.871845662715625025e+00 6.792259613767596349e+00
-9.220225354566498055e+00 -2.452174988251088905e+01 7.148914824727004458e+00
-9.512671645270149412e+00 -2.242632728481950366e+01 6.800916860038457301e+00
-9.681601570126343148e+00 -2.174015487097174315e+01 6.683156315444997553e+00
-9.092527495804233695e+00 -2.179687545867150789e+01 6.610024193765898559e+00
-1.029394821840822161e+01 -2.024131967586950154e+01 6.686887292148645301e+00
-8.277388542863647558e+00 -1.997596215837978662e+01 6.458141766065805811e+00
-1.155773259954017185e+01 -1.930023552185330615e+01 7.071873878730264629e+00
-7.100012296723284599e+00 -1.924581800240148866e+01 6.894789342618999228e+00
-1.094482588087862140e+01 -1.798962916872144646e+01 6.892984197034414784e+00
-7.649639242666297356e+00 -1.823023931383715279e+01 6.612320666520567158e+00
-9.384847827629103634e+00 -1.713948491992154288e+01 6.684434634731980296e+00
-8.529754646811424479e+00 -1.733589511485713786e+01 6.630642176629571338e+00
-9.771235597197957645e+00 -1.539935064789502661e+01 6.249725514027614004e+00
-8.571304524919895584e+00 -1.577173976765942776e+01 6.103268298467757091e+00
-1.091701756501895737e+01 -1.425227804617690097e+01 6.014896232699043388e+00
-7.841328919995968150e+00 -1.469005655230023422e+01 5.736142744025700679e+00
-9.327811373689748109e+00 -1.372488972768553950e+01 5.479375342368708601e+00
-9.163846094218095928e+00 -1.270025111524241268e+01 6.099645143158445748e+00
-1.003674466416823385e+01 -9.110030960298640679e+00 4.559569030945057833e+00
-8.485001299231347716e+00 -9.383071384322276387e+00 4.587229160506277381e+00
-1.170616756742039577e+01 -5.102144017675291465e+00 3.980477185770102011e+00
-7.130286348885961800e+00 -5.538898280173884636e+00 3.834208995611200432e+00
-9.568320037299644198e+00 -5.749439792355810042e+00 3.599366511391891787e+00
-9.417528661358387509e+00 -1.658630618952522795e+01 1.106151623303900600e+01
