-9.128851263894564028e+00 -2.457506456289221219e+01 9.668852736590867636e+00
-7.808970641434769711e+00 -2.275156835317021375e+01 8.975312780643921684e+00
-1.006227433768395940e+01 -2.291321408760679645e+01 9.393001972314323211e+00
-7.269597206121781952e+00 -1.903332598340581683e+01 1.060097302382898121e+01
-1.109124542559282744e+01 -1.874567842591713429e+01 1.101710380340503548e+01
-8.434514475737490358e+00 -1.760391465844328707e+01 1.172985665989511794e+01
-9.753876924532852044e+00 -1.740166915543804649e+01 1.181016655455452025e+01
-3.971922473155125477e+00 -1.603423465536508274e+01 7.750004649733488016e+00
-1.453362072026782137e+01 -1.585459885044768136e+01 7.570768820625277229e+00
-6.510947512634558620e+00 -1.413783034881713263e+01 1.127664429604700658e+01
-1.226243068908199518e+01 -1.402809598394805768e+01 1.141746374172935852e+01
-3.548053906129173818e+00 -1.322385217524010415e+01 6.562067142156821298e+00
-9.041417495085408262e+00 -1.014455211032593418e+01 1.175185558088521987e+01
-1.500355889302401557e+01 -1.259482924040106155e+01 6.560107707870345806e+00
-5.023698250346836147e+00 -6.119170122600864126e+00 8.473630555353944160e+00
-8.845973661809829025e+00 -6.809883369512316875e+00 1.092132563038539672e+01
-1.372796042794620774e+01 -6.909317574862835265e+00 8.721269017506420695e+00
-5.535548901625197082e+00 -4.756961634682752127e+00 7.752944420041308682e+00
-9.292870264008707082e+00 -4.060167950726205177e+00 9.605098792352613657e+00
-1.343868984260269173e+01 -5.639411585189177956e+00 7.781680171092453691e+00
-8.956665687897935157e+00 -2.701569263851913316e+00 6.479547582592751098e+00
-1.403757800937956546e+01 -6.927578858866770162e+00 5.469787444006295907e+00
-1.446833160040924859e+01 -9.870175867144137527e+00 7.768201722527889430e+00
-1.418404526585313441e+01 -9.288996876347161091e+00 6.756414867344266106e+00
-4.474703564709257897e+00 -7.385439731986600087e+00 5.312804100064711932e+00
-3.994607309198468403e+00 -9.976302537338128218e+00 8.087267492208068731e+00
-4.443487234203685077e+00 -9.675798788581740695e+00 6.681235402637797804e+00
-9.196667248558956231e+00 -2.466511965054583300e+01 7.234462149023623390e+00
-8.950503648279013902e+00 -2.262464888801576635e+01 6.514426858815719257e+00
-9.313034159585962257e+00 -2.185613497410118811e+01 6.562692164413348905e+00
-8.714727416276511818e+00 -2.196078082150449262e+01 6.559355754080018031e+00
-1.028047687520918885e+01 -2.021020781833247781e+01 6.705377467115906320e+00
-8.149220577183324821e+00 -2.037960746139084733e+01 6.685489162523245099e+00
-1.151897349195135689e+01 -1.927095526205816611e+01 6.740298742929462961e+00
-7.075224598284847843e+00 -1.958185933335018092e+01 6.940880992007260275e+00
-1.114879880662620160e+01 -1.802248364092703881e+01 6.395750280388609710e+00
-7.654895293997141081e+00 -1.780671356097322189e+01 6.491374885954583895e+00
-9.948684722903539779e+00 -1.692807005613780902e+01 6.450938502674669728e+00
-9.040611453950662124e+00 -1.667997643137563202e+01 6.534949473463370850e+00
-9.997580195271993375e+00 -1.540270538399132150e+01 6.292139721130780572e+00
-8.922845654794848258e+00 -1.513841758375324886e+01 6.136015054047532225e+00
-1.078179330352120147e+01 -1.446625192069588905e+01 5.871502504278122814e+00
-7.986449888688746945e+00 -1.428366065501357696e+01 5.582002527950543858e+00
-9.411478678978950185e+00 -1.338905848035555479e+01 5.492935396614072374e+00
-9.396663789630434138e+00 -1.265306577069672755e+01 6.141672924521047960e+00
-9.944582916452965549e+00 -8.977198470124829299e+00 4.590150295841588957e+00
-8.353912595586475476e+00 -9.193278709051533326e+00 4.670133673412841802e+00
-1.175995782923066457e+01 -5.483045654803109237e+00 3.846208355236488519e+00
-6.860224580098703839e+00 -5.427809338854529209e+00 3.783577844136992052e+00
-9.229884528659706433e+00 -5.743258327419153986e+00 3.297275215279816152e+00
-9.262089569621679175e+00 -1.638279012209655860e+01 1.145843853942559498e+01
