-9.033483328362953202e+00 -2.430398218867791371e+01 9.447710100751619322e+00
-8.040067342661140870e+00 -2.270318774604542256e+01 9.194063690387771715e+00
-1.021345154587441328e+01 -2.219855122554789517e+01 9.748593303722641323e+00
-7.317786235260994587e+00 -1.872860407950149053e+01 1.067775191899192322e+01
-1.124513380881275815e+01 -1.858828225055398775e+01 1.077617412469208169e+01
-8.511531963466058670e+00 -1.714430976374779902e+01 1.130600813139074923e+01
-1.005539537839841735e+01 -1.732421896052318644e+01 1.138226997984411248e+01
-4.332412378346905513e+00 -1.584732000509316840e+01 7.509446701718861306e+00
-1.421408873479094304e+01 -1.575409349183676966e+01 7.513861110920376341e+00
-6.768164415597103023e+00 -1.385344806304011556e+01 1.120107399292152550e+01
-1.158648974831216449e+01 -1.398538530593736873e+01 1.117292342521469095e+01
-3.785788194696263265e+00 -1.305527910304852313e+01 6.683339756315010760e+00
-9.129877838556833325e+00 -1.020995048097471525e+01 1.130041105723809558e+01
-1.469950470716275248e+01 -1.257316642498475723e+01 6.922200082010270705e+00
-5.124079724290509397e+00 -7.154572852205930644e+00 8.669291196927492393e+00
-9.247950123461215810e+00 -7.066911537058502724e+00 1.051938107169911873e+01
-1.307756777942041282e+01 -6.957309895506946340e+00 8.912302282691680233e+00
-5.490693914574255707e+00 -5.811503706842721328e+00 8.089636829912301152e+00
-9.209014323801721247e+00 -4.423331179794540269e+00 9.545887120301262740e+00
-1.291812839451549344e+01 -5.988556782620501728e+00 7.870607536049190500e+00
-9.228807615125349528e+00 -3.488872540856737370e+00 6.980030703764660061e+00
-1.371360956837411216e+01 -7.384064989312832061e+00 6.165419276629341638e+00
-1.388973349822126302e+01 -1.016274144483720931e+01 7.946662217623959634e+00
-1.359552232830573359e+01 -9.776625816123093671e+00 7.072262878482753479e+00
-4.922454658904388936e+00 -7.612981628969725634e+00 5.867561784202993458e+00
-4.516644008921556264e+00 -1.019119452447898766e+01 7.723801416822249521e+00
-5.093550627005434706e+00 -9.989229738334566733e+00 6.616296162540773906e+00
-9.198615119533867457e+00 -2.381232956182982008e+01 6.788334630100155032e+00
-9.060437164926664622e+00 -2.220978491965827928e+01 7.340074964912549405e+00
-9.389629007101065739e+00 -2.165760014359714347e+01 7.500816534504559208e+00
-8.818650929856040932e+00 -2.155539467619747995e+01 7.342264436279779538e+00
-1.042132846067774921e+01 -2.022273649551805264e+01 7.135554794052711536e+00
-8.418142003655677996e+00 -1.970355910744099504e+01 7.097490490759419401e+00
-1.146571712575010338e+01 -1.905872859165130251e+01 6.930869856123921480e+00
-7.227848065150887180e+00 -1.908222893403006282e+01 7.264477384805130278e+00
-1.089984211728062924e+01 -1.758544734612272364e+01 6.650408693044904673e+00
-7.615201122529087208e+00 -1.794337684472214889e+01 6.828052411240189024e+00
-9.455267568845211912e+00 -1.656188465617907468e+01 6.825321662681462342e+00
-8.610890484101403786e+00 -1.673150258547471125e+01 6.839599379683636293e+00
-9.709901178637988295e+00 -1.541152555327233031e+01 6.596750087108737226e+00
-8.542282619995841486e+00 -1.557070911857497109e+01 6.404329229827681047e+00
-1.080892048108213643e+01 -1.450043313100985287e+01 6.235122875404305987e+00
-7.779315782140770352e+00 -1.445630003140695408e+01 5.916390514789588551e+00
-9.236557515000377805e+00 -1.350009047983336075e+01 5.953343803281484270e+00
-9.460578200557140605e+00 -1.255681519622177689e+01 6.451338611279579638e+00
-9.895144943452324426e+00 -9.629249919694096604e+00 4.996208572177210705e+00
-8.312059989846838803e+00 -9.386123140823615429e+00 5.085236577187847828e+00
-1.152757710215582243e+01 -6.048297070549967458e+00 4.742522930245057111e+00
-6.884212746662890403e+00 -6.140036988584224531e+00 4.605828443789814486e+00
-9.112030640423007810e+00 -6.620873896068329323e+00 4.250127842362390496e+00
-9.289415012137096639e+00 -1.645661399444242079e+01 1.081627405520505114e+01
