-9.330632640096080621e+00 -2.491641006360528721e+01 8.894309666817328264e+00
-8.075195737854937050e+00 -2.330189710648244983e+01 8.778989325388272036e+00
-1.034747878252358788e+01 -2.298893563099021620e+01 9.310922163353698267e+00
-7.646773876168419193e+00 -1.895485316421876121e+01 1.088815120786140866e+01
-1.097259689085218959e+01 -1.870677425639396674e+01 1.079672880187871797e+01
-8.437539001333211885e+00 -1.756575949737252529e+01 1.129932473736632836e+01
-9.889444384145120281e+00 -1.735467028712093551e+01 1.140998497937603062e+01
-4.172210406204698963e+00 -1.592528266742057852e+01 7.502269876681442184e+00
-1.422082864342311659e+01 -1.609821836653838645e+01 7.465914433256116034e+00
-6.845152617148792196e+00 -1.356170185726445254e+01 1.141803919898428532e+01
-1.172116794258749906e+01 -1.396883022824616383e+01 1.137973102479880438e+01
-3.917025898928315542e+00 -1.298687131662299699e+01 6.820852904132178374e+00
-9.163007526047312723e+00 -1.067934851898295534e+01 1.154205238664277289e+01
-1.476591910481319836e+01 -1.266626456187450600e+01 6.883932414730635330e+00
-5.036637208916221908e+00 -6.499561023878721144e+00 8.541921017316438380e+00
-9.362651132645368079e+00 -7.026325121414206620e+00 1.077292674215450319e+01
-1.349423529372660902e+01 -6.695553032281226891e+00 8.678961954007736068e+00
-5.632914494747407907e+00 -4.863181826417721787e+00 8.053316775844415076e+00
-9.359641661002406465e+00 -4.343026669677065854e+00 9.529198417280243305e+00
-1.333703594301326412e+01 -5.641746164925108609e+00 7.601841911034312282e+00
-9.115472799514437341e+00 -3.119716968803093238e+00 6.251471634068096250e+00
-1.402597602764491036e+01 -7.362545251912566258e+00 5.453047157000077583e+00
-1.407294607226233651e+01 -1.030814541357084480e+01 8.024091152615470790e+00
-1.389323617697174207e+01 -9.639619522654989225e+00 6.912028417980884853e+00
-4.514113927776873147e+00 -7.326980065595437352e+00 5.491413379154139740e+00
-4.290656910176798178e+00 -1.005097525734776909e+01 8.148408601588212008e+00
-4.576149031957717384e+00 -9.744138108718516378e+00 6.952198458322541796e+00
-9.493072630950560864e+00 -2.449796656648189952e+01 6.678989311782453697e+00
-9.221181243522043047e+00 -2.244949441220943953e+01 6.463376105814340633e+00
-9.505343087665732327e+00 -2.164593239693154203e+01 6.433149425242461916e+00
-8.876936215579547707e+00 -2.175758997362270364e+01 6.465513083195402189e+00
-1.038128975327071757e+01 -1.992928809904424625e+01 6.587121606189354495e+00
-8.130600426922008239e+00 -1.986800831079042950e+01 6.421339421093859023e+00
-1.128604278952119166e+01 -1.893503648844205145e+01 6.807774228353030921e+00
-6.994967713439656620e+00 -1.901440875543515574e+01 6.897528753666363421e+00
-1.073664907039232297e+01 -1.773085889816435312e+01 6.445599042188113970e+00
-7.528581508147111023e+00 -1.777612060481828138e+01 6.512320827486956176e+00
-9.670822894941430548e+00 -1.691479502028183646e+01 6.673725643787510542e+00
-8.773131001625795733e+00 -1.692609379620605736e+01 6.731477744521064288e+00
-1.001813353009454133e+01 -1.566020969838993082e+01 6.282028190349613794e+00
-8.884151920578926109e+00 -1.563484800840826594e+01 6.179935137685549584e+00
-1.086625707541215036e+01 -1.456914574510757809e+01 5.731275126154786292e+00
-8.001067668327953797e+00 -1.438394926590942724e+01 5.519900359229907849e+00
-9.365510697098422099e+00 -1.382317272273646047e+01 5.590088684548270237e+00
-9.320244969284544823e+00 -1.296735217384103223e+01 6.402961692015120221e+00
-9.671247661487518243e+00 -9.420227474347548480e+00 4.981349034148564670e+00
-8.238458872268504152e+00 -9.212619447615377766e+00 4.959036227315225531e+00
-1.143575332986784332e+01 -5.833833737233708128e+00 4.199468055504246067e+00
-7.078769965953243037e+00 -6.079970062507866757e+00 4.120516858701782859e+00
-9.221069448785328859e+00 -6.593025649388817300e+00 3.930743489067736185e+00
-9.030937818229809011e+00 -1.644770239461204753e+01 1.104995692217084624e+01
