-9.408569464403369054e+00 -2.463875395745175467e+01 9.687221715105344799e+00
-7.849582467667103991e+00 -2.297129674699032620e+01 8.989797682964557168e+00
-1.033247380293878059e+01 -2.248097379582415911e+01 9.738604716409948736e+00
-7.497578493084406048e+00 -1.916994277170109129e+01 1.078734998468039308e+01
-1.090958629955488135e+01 -1.869189591779289472e+01 1.086842519999421341e+01
-8.349030556534216885e+00 -1.747540187450406535e+01 1.139364179132661548e+01
-9.660848814583651745e+00 -1.731163325524229890e+01 1.161380531593397336e+01
-4.131411621910078047e+00 -1.610979639537220010e+01 7.562694665429699370e+00
-1.421380345324567251e+01 -1.586120157036101475e+01 7.220848170693463963e+00
-6.413437199910193343e+00 -1.415480157484916113e+01 1.121372033914174260e+01
-1.184764992520092974e+01 -1.363990250914435443e+01 1.111162351131234871e+01
-3.809502420502956177e+00 -1.298759240175668950e+01 6.472851361519967206e+00
-9.039636442268164984e+00 -1.053046311097060794e+01 1.152076259598332442e+01
-1.467954484976194429e+01 -1.270540812596854252e+01 6.831555516079672152e+00
-4.999168065021115659e+00 -6.749906408808156399e+00 8.532735287201369090e+00
-9.329673354916950601e+00 -6.820001076119950767e+00 1.056116488621743876e+01
-1.347153374608577359e+01 -6.794191570229966004e+00 8.704143730090422082e+00
-5.613043742102462375e+00 -5.436470691781616793e+00 8.031358999417324895e+00
-8.958971277739991024e+00 -4.084977491140572070e+00 9.266895699312470924e+00
-1.331499901656585116e+01 -5.787662824810320572e+00 7.979988310051334466e+00
-8.797263565266767671e+00 -3.251222918257684835e+00 6.626659346894536284e+00
-1.374433089236056027e+01 -6.783269652308738351e+00 5.532746004957987296e+00
-1.395264700643702405e+01 -1.003044154860529069e+01 7.798724293465564728e+00
-1.363400017012521914e+01 -9.661363517484392816e+00 6.638729133973205521e+00
-4.563462470460915910e+00 -7.103129084441401453e+00 5.762879776869212378e+00
-4.211754109116817801e+00 -1.014299550815785267e+01 7.785255282864108395e+00
-4.684981600969017279e+00 -9.700236976943585887e+00 6.719720984252571583e+00
-9.532759648782896278e+00 -2.444920797785123767e+01 7.139788261790765311e+00
-8.966654637740047562e+00 -2.261161960403799043e+01 6.828422444145311410e+00
-9.200243828541031732e+00 -2.201677341910237118e+01 6.838927466046326842e+00
-8.698726079480767481e+00 -2.187875112125172450e+01 6.798775626082792733e+00
-1.028691479671543973e+01 -2.049406151123096720e+01 6.695462256270371171e+00
-8.114634706365759342e+00 -1.990828406348922286e+01 6.571566814565246162e+00
-1.172783437431035480e+01 -1.879263588062732282e+01 6.851418077512935412e+00
-6.950951541606585238e+00 -1.855775541291234632e+01 6.771430465230308116e+00
-1.105718548593362449e+01 -1.768339323634164373e+01 6.559779672226265568e+00
-7.680790365904680783e+00 -1.775106088350849021e+01 6.516414076150022439e+00
-9.938233369955430163e+00 -1.683498627131729819e+01 6.486988250617656604e+00
-9.102388761106718462e+00 -1.700497130401490509e+01 6.585118348660154552e+00
-9.929783381949986776e+00 -1.521815005873759219e+01 6.139390849875059786e+00
-8.799486166314714808e+00 -1.550809036757684645e+01 6.058316594179551373e+00
-1.069321483206467605e+01 -1.424901529352175089e+01 5.986606070491777842e+00
-7.843527466223729760e+00 -1.458059425933041453e+01 5.670444059180292484e+00
-9.323755995120368567e+00 -1.339308410355005385e+01 5.487030456900548359e+00
-9.368173576896165144e+00 -1.244806146949626680e+01 6.066656597327156675e+00
-1.017677785945093483e+01 -9.289524478059711043e+00 4.631328326862382383e+00
-8.412064875692392363e+00 -9.119630831770681567e+00 4.910080904499245946e+00
-1.125156499766995211e+01 -5.444715892033011428e+00 4.078869446395793297e+00
-6.827026829573222599e+00 -5.534628287455714890e+00 4.483156716882374937e+00
-9.175048513380913207e+00 -6.070159413952291416e+00 3.961501607024150218e+00
-8.867045014525865909e+00 -1.661016822159778883e+01 1.115521848580140585e+01
