-8.600090094413324948e+00 -2.492541376488057381e+01 9.246581364338657849e+00
-7.976920611589193300e+00 -2.354464903706737999e+01 9.263870561525767044e+00
-1.012750381188718585e+01 -2.298537962269239898e+01 9.351224481068051375e+00
-7.069034885895350229e+00 -1.884727833710774192e+01 1.047224180048953102e+01
-1.102410232531244816e+01 -1.871799921795594557e+01 1.093263843170443295e+01
-8.138873338115004685e+00 -1.754195944509481109e+01 1.150065017123523781e+01
-9.678822008989259373e+00 -1.800432928348054773e+01 1.154792802958926501e+01
-4.213980956174709469e+00 -1.593340758707908833e+01 7.371131188324938854e+00
-1.416739210312672803e+01 -1.621979077360008503e+01 7.592775461333912013e+00
-6.536640220084706243e+00 -1.386022718000130993e+01 1.119934222766605458e+01
-1.197697706967849918e+01 -1.366649112445218961e+01 1.150344592349302886e+01
-3.649318709314993026e+00 -1.311711077858566377e+01 6.466727385185951249e+00
-9.084067262767282713e+00 -1.014471563692497114e+01 1.144468223951054497e+01
-1.488398773514943230e+01 -1.318206656242814745e+01 6.428580553744348336e+00
-5.030936669267496164e+00 -6.339141228188068133e+00 8.473780428820353094e+00
-8.973111887378141915e+00 -6.466039883722352499e+00 1.047542275277630708e+01
-1.367713822330861717e+01 -6.520880600575878816e+00 8.032038971190091914e+00
-5.688183641259907830e+00 -4.699188523835060138e+00 7.909705299175731952e+00
-9.266906955084627029e+00 -3.715767620747993050e+00 9.438372707895103630e+00
-1.323733050702967340e+01 -5.491058440278063557e+00 7.435954924875159300e+00
-8.570241885768107082e+00 -2.887475580531120301e+00 7.138286376452303017e+00
-1.378992267953730178e+01 -7.200989278754178713e+00 5.482932809043840727e+00
-1.404480507209358109e+01 -1.045819544881354446e+01 7.216359753408084110e+00
-1.346790617491493691e+01 -1.005270604030612169e+01 6.138222291579344514e+00
-4.809099037830767642e+00 -7.532895521906038283e+00 5.419785242439122186e+00
-4.079535865726866106e+00 -1.016548501242339952e+01 7.523682296463229946e+00
-4.489040133076643180e+00 -9.929905382325163288e+00 6.621338459584753089e+00
-8.964516312092412065e+00 -2.468864008491256712e+01 6.924789214958688710e+00
-8.741072262338953180e+00 -2.319591525071405513e+01 6.880603571745536051e+00
-9.197120670281265120e+00 -2.232310496560586444e+01 6.695125406548462443e+00
-8.516207053764299317e+00 -2.236935779625363452e+01 6.892420882738360177e+00
-1.016196596296126309e+01 -2.034089028764496376e+01 6.735686197799411801e+00
-8.060659253364883980e+00 -2.090646427034440791e+01 6.869627793407701688e+00
-1.157830173900614490e+01 -1.931234412247476584e+01 7.214443926769966708e+00
-7.105964031512240986e+00 -2.014949941527849475e+01 7.412299100204742253e+00
-1.097846946166194648e+01 -1.811952115776977124e+01 7.020057497182468076e+00
-7.537990293326151559e+00 -1.876329629893887940e+01 6.662996993241049992e+00
-9.785462432957757528e+00 -1.709229883383767401e+01 6.793952274826238202e+00
-8.950986788388744841e+00 -1.727600148991007245e+01 6.769916139736542604e+00
-9.529446274682563001e+00 -1.540142747443385751e+01 6.247770720383509335e+00
-8.489353714181806509e+00 -1.587307439550741428e+01 6.306481936461896254e+00
-1.045392478751923626e+01 -1.380101129352642175e+01 5.734425515870158918e+00
-7.515315361822527684e+00 -1.460472607865428785e+01 6.023639526467684746e+00
-8.633393700913471136e+00 -1.338828339224283326e+01 5.700627126243320575e+00
-9.222810361358140696e+00 -1.254593096611615621e+01 6.111862555646608186e+00
-1.022062940137162990e+01 -8.575715528267934928e+00 4.625441784580495153e+00
-8.795939886417006193e+00 -8.715078013727362460e+00 4.793308637449286813e+00
-1.154756618040867622e+01 -5.089647277319779839e+00 4.043299166628046670e+00
-6.628598786705310886e+00 -5.332632215924196117e+00 3.723745964790367236e+00
-9.341233709954469333e+00 -5.235259175118979869e+00 3.136074912321071384e+00
-8.993805913538668761e+00 -1.681173535240693084e+01 1.083932391188441358e+01
