-9.136540109659652131e+00 -2.455075392840602078e+01 9.829670666033853976e+00
-7.857502594375709748e+00 -2.304349912424566327e+01 9.322245129623635052e+00
-1.038163346004558996e+01 -2.251407372045558830e+01 9.823555445826610111e+00
-7.270373399991800767e+00 -1.903058759104837350e+01 1.084216339942151563e+01
-1.109237615903799323e+01 -1.877576507504482706e+01 1.087594535538606877e+01
-8.274970590069154142e+00 -1.756864045000574848e+01 1.140551151576623745e+01
-9.860635367090349490e+00 -1.770474250807349392e+01 1.147644697107169875e+01
-4.115836458002820386e+00 -1.604064236090920303e+01 7.574909052318316682e+00
-1.431916076727697806e+01 -1.632263008532727966e+01 7.696686735540327895e+00
-6.818035666968794040e+00 -1.381557454658099715e+01 1.145196163249020671e+01
-1.206647596919806809e+01 -1.377266261559584493e+01 1.133739523941473770e+01
-3.516427117872200636e+00 -1.332430630567409935e+01 6.645624255671437552e+00
-9.249490364372332962e+00 -1.035061197433730307e+01 1.164837764855504076e+01
-1.508282263605172702e+01 -1.303128372357873488e+01 6.859764356981814082e+00
-4.875045073311851773e+00 -6.635191370607072869e+00 8.645556327640520067e+00
-9.497051996091583348e+00 -7.264572704055032304e+00 1.057164632818327199e+01
-1.339980095744406619e+01 -6.663599425086438544e+00 8.800496098862916838e+00
-5.523896648987857816e+00 -5.008522589763559019e+00 8.161833710972544509e+00
-9.387211871091144744e+00 -3.925683399674363194e+00 9.348118020317533805e+00
-1.308696656482764631e+01 -5.450545585050591058e+00 8.238137849071396346e+00
-9.395557937506465507e+00 -3.127541762630061672e+00 6.645006163288757151e+00
-1.414729485147947941e+01 -7.109791104166363063e+00 6.164022388734468727e+00
-1.436979864768137105e+01 -1.019380450703263641e+01 8.125322589203836543e+00
-1.405029206101252015e+01 -9.736341991987957911e+00 6.843523660594301283e+00
-4.630460039936000527e+00 -7.334987703644050505e+00 5.534618323536505180e+00
-4.030204528746062387e+00 -9.780400912360013521e+00 7.928580520686949740e+00
-4.513805014559627793e+00 -9.583441374414778835e+00 6.745436569361469736e+00
-9.374210953709170013e+00 -2.432741565960010988e+01 7.200290855859660333e+00
-9.178208523794278761e+00 -2.280423033296193580e+01 6.855379998520147566e+00
-9.499180819515000707e+00 -2.210497076616984202e+01 6.970528865276240715e+00
-8.983159024351818900e+00 -2.211588005222852615e+01 6.876707296710936390e+00
-1.032666950145956974e+01 -2.008760893937235537e+01 6.924085385402317883e+00
-8.175112665373301724e+00 -2.001055073386939753e+01 6.700224055830076964e+00
-1.147550879218191078e+01 -1.888833849647647867e+01 7.006546692623429884e+00
-6.970342884687019236e+00 -1.913813802038193046e+01 6.788957498848100514e+00
-1.088180115834480688e+01 -1.761745390049014048e+01 6.655441235314810910e+00
-7.470081364935900581e+00 -1.787738977245245309e+01 6.650463203412203761e+00
-9.576898275591483767e+00 -1.654469281835374517e+01 6.593377197650724497e+00
-8.698088913934684641e+00 -1.668967222915238935e+01 6.720371291719782647e+00
-9.544132276462381270e+00 -1.527321668907912233e+01 6.205299623623648841e+00
-8.397698937938312014e+00 -1.543480341051363958e+01 6.187383250596144357e+00
-1.071081190204661482e+01 -1.436701668405250309e+01 5.900368465236624615e+00
-7.567893800014748429e+00 -1.443251949752752239e+01 5.725837178354042933e+00
-9.108611339847456634e+00 -1.348241913838078965e+01 5.491668491594948520e+00
-9.389483315651252937e+00 -1.265099663063219992e+01 6.167857284572812127e+00
-1.032899596760661964e+01 -9.430102001901026654e+00 4.861498700209718749e+00
-8.591282090063817378e+00 -9.485457608605791791e+00 4.902597832691920843e+00
-1.158988154455589381e+01 -5.472071965258781034e+00 4.335308930658674065e+00
-6.731531643217191885e+00 -5.566863371339351829e+00 4.329855507532930581e+00
-9.115514588119804529e+00 -6.219498131597653412e+00 3.930656963651609992e+00
-8.981258495931442098e+00 -1.662865421393599874e+01 1.116485330303509294e+01
