-8.750368612515515565e+00 -2.529413918316182119e+01 1.008501578200902848e+01
-7.605171883848624859e+00 -2.338746551630701376e+01 9.826681396769826549e+00
-1.027147821012882645e+01 -2.332236109313874906e+01 1.018831267626971737e+01
-6.963969933202694307e+00 -1.918997501559280394e+01 1.125261667721601277e+01
-1.129687349558237308e+01 -1.931985807194570270e+01 1.134333466484915043e+01
-8.443703574268237588e+00 -1.773877696606246346e+01 1.193618597909257062e+01
-1.017056183793614288e+01 -1.796285585462011980e+01 1.200912458888922529e+01
-4.039552931791248191e+00 -1.591317926264471261e+01 7.722037354672607989e+00
-1.445487338060942228e+01 -1.591413877881749706e+01 7.533627737696784621e+00
-6.621036362179657964e+00 -1.393341798917310292e+01 1.155179917946181689e+01
-1.167220088058203231e+01 -1.403244535868213561e+01 1.167920399102693807e+01
-3.487724479937460931e+00 -1.315858144590821865e+01 6.506497378771260998e+00
-9.430432990957717365e+00 -1.045163714704283464e+01 1.184198322113402213e+01
-1.512787825491330729e+01 -1.245857807052380117e+01 6.652214270656534367e+00
-4.730449777951024615e+00 -6.304929823745177409e+00 8.603733670342901263e+00
-9.052577512145001393e+00 -6.881536284688750449e+00 1.075746795602924699e+01
-1.359453109329419362e+01 -6.540549847061944533e+00 8.994868639066135430e+00
-5.248456348589013665e+00 -4.704515183130764555e+00 7.823581042011543474e+00
-9.377322509665198424e+00 -3.507071644809532707e+00 9.435349190794354968e+00
-1.330282919711718392e+01 -5.469666680871220876e+00 8.283090828034326947e+00
-9.234611628199751010e+00 -2.464526947717073480e+00 6.294545338633815490e+00
-1.423213851645001071e+01 -6.952913844754483819e+00 5.832637735523961808e+00
-1.456079969556997256e+01 -9.964491609730684374e+00 7.773049289638573001e+00
-1.420334671996074860e+01 -9.664850515661591146e+00 6.741609100311590552e+00
-4.126808081073478185e+00 -6.969258562598203532e+00 5.605978278113157742e+00
-3.897699747978045970e+00 -9.950389321673366538e+00 7.827987373467967025e+00
-4.303397100185918589e+00 -9.726755467059030380e+00 6.909456644791724500e+00
-9.023983713580454591e+00 -2.531385555820578759e+01 7.696237242412747648e+00
-8.655769261245453094e+00 -2.333717328375555056e+01 6.859559134981336292e+00
-9.110728156156254087e+00 -2.255893190108892199e+01 6.855767727498761843e+00
-8.527078525471177173e+00 -2.244587175945016000e+01 6.793087002131033891e+00
-1.049889830800542256e+01 -2.102366059843513924e+01 7.068844301943340902e+00
-8.106064880222177749e+00 -2.052820193933760962e+01 6.949991641411457088e+00
-1.165855369459736579e+01 -1.971806905045391289e+01 7.256027344318304984e+00
-6.736358149827448294e+00 -1.964915842525022427e+01 7.258119011430883560e+00
-1.113474599620882799e+01 -1.801322501466855996e+01 6.675006304006847913e+00
-7.296750174936571298e+00 -1.816870982678204172e+01 6.746273279680530699e+00
-9.633944869025887314e+00 -1.702522591932297402e+01 6.563988786077979753e+00
-8.629558851122419938e+00 -1.700685773958318947e+01 6.677824081708602755e+00
-9.925802650081921641e+00 -1.552811728084826903e+01 6.260501637386241214e+00
-8.615666947032067924e+00 -1.549375802830824966e+01 6.142387119116676786e+00
-1.098778066959243560e+01 -1.473256575971625182e+01 5.983508906498463453e+00
-7.766700409211718004e+00 -1.481038294169494662e+01 5.769612413330577283e+00
-9.370062731532954103e+00 -1.412381766796878857e+01 5.622073183613932379e+00
-9.292463404200773880e+00 -1.304670551006478973e+01 6.398265244720050759e+00
-1.025499323860589307e+01 -9.016394706603879428e+00 4.656485572775213910e+00
-8.335875751833127012e+00 -8.780907067851167369e+00 4.532918142231269876e+00
-1.155724060383624874e+01 -5.160398335060811803e+00 4.237883823118272275e+00
-6.668141425288839130e+00 -5.486934254263889699e+00 4.025786493558895174e+00
-9.309043881565386869e+00 -6.197243199910193567e+00 3.990520059582135737e+00
-9.380548054992008389e+00 -1.688428788426903182e+01 1.137741313007154531e+01
