-9.217685976643840817e+00 -2.432133997636472245e+01 9.283822682169814655e+00
-8.088180513525507820e+00 -2.304778383842780087e+01 8.876805543800642795e+00
-1.001618031525618768e+01 -2.252352350903481693e+01 9.420254264945747025e+00
-7.487402848204880002e+00 -1.893671478669985575e+01 1.076398838879923225e+01
-1.091868609383190503e+01 -1.860658896315697675e+01 1.079303274623079290e+01
-8.631292412419389493e+00 -1.735137819199897891e+01 1.106528325149568026e+01
-1.007946850616174750e+01 -1.726701351590168798e+01 1.103950379394070325e+01
-4.386178627506040151e+00 -1.569607821724233965e+01 7.751696659737211448e+00
-1.415889434111637968e+01 -1.569220564685500818e+01 7.946784050443262082e+00
-6.814618686566493722e+00 -1.381554769530097104e+01 1.074514503718521752e+01
-1.178830147484980273e+01 -1.338504105823377444e+01 1.109296564272887409e+01
-3.926002127440851641e+00 -1.321683334208904270e+01 6.970345806661571331e+00
-9.471665404862026350e+00 -1.036386419401655168e+01 1.135498700350718693e+01
-1.459903632652799921e+01 -1.299952988856154157e+01 6.880215414954610864e+00
-5.222094919129474100e+00 -7.064751243614026066e+00 8.859704241118986801e+00
-8.941572645190095869e+00 -7.002762474586589292e+00 1.054145452738367439e+01
-1.324937625705777577e+01 -6.958890635205687403e+00 8.881272701948210724e+00
-5.697451874234332969e+00 -5.629084138959443706e+00 8.366526568749435455e+00
-9.091409208995006708e+00 -4.447744662627600043e+00 9.510365180407283958e+00
-1.289246872412487299e+01 -5.802881430950981745e+00 8.058059514635894871e+00
-8.978774728819855611e+00 -3.558940489010639308e+00 7.138303005817496327e+00
-1.370459115084507751e+01 -7.161117899288833577e+00 6.152672357682074100e+00
-1.416363358571403630e+01 -1.069097692199845540e+01 7.921752420429065467e+00
-1.369571671353058662e+01 -1.024970854487027694e+01 6.940589443506867795e+00
-4.954063738973701447e+00 -7.761519420044878714e+00 5.822599061709091472e+00
-4.459507243974864643e+00 -1.028212566387007598e+01 7.800108096454541950e+00
-5.053626101017572481e+00 -1.016661224480594505e+01 6.790632489075976608e+00
-8.985853316225862031e+00 -2.390250727717986834e+01 7.131772900272300930e+00
-9.265856762761863763e+00 -2.271024404387355133e+01 6.774694289151178772e+00
-9.496930151636419737e+00 -2.215360279701859625e+01 6.789203856690063432e+00
-8.992793644423560551e+00 -2.218537753148597602e+01 6.726271001384143133e+00
-9.986180290830038331e+00 -2.050787951077411009e+01 7.001366153030097905e+00
-8.162918004612333078e+00 -2.020782376228307342e+01 6.950797748165597589e+00
-1.121544822861132928e+01 -1.925219856187105449e+01 7.335584043966466794e+00
-7.075534280041321011e+00 -1.891414939965022413e+01 7.114896747148682365e+00
-1.092129046925345648e+01 -1.779313325151604985e+01 6.928035934753340008e+00
-7.520268033131470631e+00 -1.758814909478975608e+01 6.697661711125213024e+00
-9.865723413983477741e+00 -1.645876802216730894e+01 6.822408578488460051e+00
-8.958669675737430893e+00 -1.635089177543355277e+01 6.888045818345993609e+00
-1.001541375155539271e+01 -1.520106542914162873e+01 6.551046043335103874e+00
-8.788489256197761890e+00 -1.511500891653449585e+01 6.461241701291747574e+00
-1.089568473314319164e+01 -1.433511088565560598e+01 6.161858278333454564e+00
-7.754602023671941957e+00 -1.422932999104074447e+01 5.998869960803189016e+00
-9.141040391298922430e+00 -1.377240932096432680e+01 5.964511948153081278e+00
-9.283518063746662108e+00 -1.298317815928263386e+01 6.414108032792400493e+00
-9.984763559366246710e+00 -9.312553392926860241e+00 5.005545863508158888e+00
-8.560843589185610725e+00 -9.284892496852453547e+00 5.000722889260989845e+00
-1.149660403573951761e+01 -5.954116839070560552e+00 4.704480863501535381e+00
-7.259692187064120006e+00 -6.013781699291390836e+00 4.545979780855105901e+00
-9.378262217481255547e+00 -6.692487600137711823e+00 4.235245526536747462e+00
-9.226534526670265635e+00 -1.647755515210118205e+01 1.062331079885924545e+01
