-8.413278571209971801e+00 -2.650761151120512693e+01 1.004787124241389584e+01
-7.837119569574479527e+00 -2.400096720370132886e+01 9.899139272858574756e+00
-1.048184520687616939e+01 -2.390281683224428733e+01 1.039234151572974874e+01
-7.090146272285947404e+00 -1.934214469158190752e+01 1.156956738276022811e+01
-1.109625840386195783e+01 -1.970669710574199485e+01 1.154340505903127578e+01
-8.257674592496336174e+00 -1.835891866575834896e+01 1.216735915009925684e+01
-9.847879763687176435e+00 -1.855944451814676555e+01 1.229259495840140559e+01
-3.578967747676715216e+00 -1.622593067646334219e+01 7.734742501765403233e+00
-1.485923917590675103e+01 -1.631489030211874791e+01 8.151886203780303930e+00
-6.709402790184112675e+00 -1.430179371156654966e+01 1.178139321821480756e+01
-1.188022151034205898e+01 -1.375630401029432193e+01 1.192607275390588839e+01
-2.827703190331889438e+00 -1.301092270784452332e+01 6.725044977105707034e+00
-9.435736620016898613e+00 -1.065364564825784655e+01 1.195940182493009196e+01
-1.559035699226817684e+01 -1.261478074525988546e+01 7.029015671017134537e+00
-4.491953626211483197e+00 -6.253824268917108853e+00 8.445784564174102726e+00
-9.307000027151351773e+00 -6.559938642027099753e+00 1.093175246868787198e+01
-1.392426095943248043e+01 -6.055768118729142557e+00 8.599844507701568830e+00
-5.271775907959799667e+00 -4.481211733812459741e+00 7.971931608999675234e+00
-9.091512052206528693e+00 -3.176698035493713768e+00 9.385638799470950033e+00
-1.364428466711265031e+01 -4.884395445622906173e+00 7.618005934632693155e+00
-8.732657792236073746e+00 -2.239279003230103982e+00 6.552624387310036269e+00
-1.442900967483321395e+01 -6.320450586650100178e+00 5.509282033677090240e+00
-1.464687917491088243e+01 -9.811846927196034684e+00 7.938292709061439467e+00
-1.409836433467997807e+01 -8.946905095129286778e+00 6.811051285809067934e+00
-4.242360828314525989e+00 -6.580362343194519958e+00 4.940020184971852579e+00
-3.770117568082824722e+00 -1.007334890247281045e+01 7.774460033621739541e+00
-4.462421365946124929e+00 -9.793707397603915510e+00 6.643445116644656423e+00
-9.140819911303744050e+00 -2.581587052669684468e+01 7.485709958908335793e+00
-9.174743049845554665e+00 -2.378951315416304624e+01 7.314668613075825832e+00
-9.498367236850580042e+00 -2.298109103449424850e+01 7.236442873784664442e+00
-8.909942208326297575e+00 -2.292939909842821677e+01 7.220804444326864413e+00
-1.042792242484030929e+01 -2.133607186439413894e+01 7.014773662485619177e+00
-8.303677899574555710e+00 -2.100627869675092541e+01 6.854144676027841498e+00
-1.179692558802794622e+01 -2.004247082868630869e+01 6.958553199692484981e+00
-6.993166417718478023e+00 -2.000585870521461729e+01 6.836543491729559108e+00
-1.123108163410883620e+01 -1.833321110461466574e+01 6.670986675623549189e+00
-7.398016851718144160e+00 -1.827875231162962422e+01 6.619659807924948680e+00
-9.837394231434911873e+00 -1.679109166429055477e+01 6.946094758547253889e+00
-8.809792468510726948e+00 -1.674134415566209810e+01 6.978678887146067211e+00
-1.006626270500449749e+01 -1.550781617948806002e+01 6.714203020229650321e+00
-8.775987024099004330e+00 -1.548533611451434666e+01 6.472164475733100275e+00
-1.106586489388087458e+01 -1.482519681140745682e+01 6.310528756996996336e+00
-7.737550839949886239e+00 -1.464843908570830955e+01 5.690327615024657781e+00
-9.305716389631614405e+00 -1.370812411042184209e+01 5.861136360866708195e+00
-9.447644000487914084e+00 -1.251923700709978604e+01 6.508478475748800562e+00
-1.001305997446165108e+01 -8.716224637353882088e+00 4.605619622711442318e+00
-8.329749085588238344e+00 -8.768152637254765125e+00 4.556701410184378354e+00
-1.176402288926602857e+01 -4.063123223665401795e+00 3.861555903646085586e+00
-6.894336602160683114e+00 -4.970411868509211573e+00 3.830032106574141615e+00
-9.501862984634605880e+00 -4.960593485738108654e+00 3.001416704333174756e+00
-9.246835580441450375e+00 -1.721796210206458255e+01 1.171478310332514816e+01
