-9.252126040073930469e+00 -2.440859345126178681e+01 1.000377910470610665e+01
-8.258519600567083785e+00 -2.312205601486680351e+01 9.526697612797146775e+00
-1.032938363462940501e+01 -2.260628179912983526e+01 9.958961758290790556e+00
-7.264903567186950184e+00 -1.863984838027230140e+01 1.097337916246640432e+01
-1.090050451930335385e+01 -1.907330620791814368e+01 1.095993331319595043e+01
-8.236555057860826423e+00 -1.752771536687231801e+01 1.165058076697846090e+01
-9.765477851458358671e+00 -1.792828813948138134e+01 1.177514163781668088e+01
-4.327289485092228105e+00 -1.653694699164265458e+01 7.675294841634181076e+00
-1.422528593734453217e+01 -1.577762377509235669e+01 7.584923246234270167e+00
-6.695929067062342810e+00 -1.386408632567788679e+01 1.125159534310294518e+01
-1.158028142993806675e+01 -1.387900622767322645e+01 1.118953918996085406e+01
-3.731421428644459581e+00 -1.240296469340556662e+01 6.392969672794974301e+00
-9.169369501740055384e+00 -1.065340538150586980e+01 1.137452636135254735e+01
-1.473287156930134323e+01 -1.299661452031515552e+01 6.476270678983254925e+00
-4.978046667016658766e+00 -7.062445495092751990e+00 8.869709641515912679e+00
-9.242547177283270798e+00 -6.781427024157636652e+00 1.054704328677891034e+01
-1.355830777256998054e+01 -6.713163517702685823e+00 8.523054283312657020e+00
-5.393024266863386096e+00 -5.612538394225026650e+00 7.948399867299696275e+00
-9.147977164860041199e+00 -3.834345371746571196e+00 9.347697306400551298e+00
-1.335521300598286842e+01 -5.714349871482959031e+00 7.753052443010783001e+00
-8.990057280532337103e+00 -3.176037940531820425e+00 7.015132742644977881e+00
-1.401252811120082953e+01 -7.286718525043680117e+00 5.722706000846304875e+00
-1.423061251299443342e+01 -1.010582852403779164e+01 7.749348034539416119e+00
-1.379396325037149218e+01 -9.682055848096100092e+00 6.743584407205330145e+00
-4.794246312661896603e+00 -7.619567469605000198e+00 5.301751753863469752e+00
-4.358752889296843236e+00 -1.033942973022743672e+01 8.045183943635748847e+00
-4.711208575923358843e+00 -9.843546445108232845e+00 7.001851377365628792e+00
-9.356533922483507126e+00 -2.418124416821527234e+01 7.236539713543119312e+00
-9.052972874491393540e+00 -2.245217938929974366e+01 6.940541698176483365e+00
-9.319820875499900126e+00 -2.171819956549425612e+01 6.979567047706038529e+00
-8.788630875068138337e+00 -2.172550170387823343e+01 7.029862994639367813e+00
-1.013619335365749308e+01 -2.017361102235722115e+01 7.121827332100000518e+00
-8.360476343911241059e+00 -2.003073982515869389e+01 7.148483170449775770e+00
-1.129900558560209234e+01 -1.906340259431462059e+01 7.108096134569182212e+00
-7.301462914156251927e+00 -1.923133123772893072e+01 7.106359590109201818e+00
-1.104794038268391709e+01 -1.763310825362639633e+01 6.755489517497506036e+00
-7.610303648086503614e+00 -1.809721323175374863e+01 6.770962964212752233e+00
-9.879727260020022328e+00 -1.651167572037882536e+01 6.900179810142049064e+00
-8.777797085335024008e+00 -1.672687990913908607e+01 7.033585132282611951e+00
-1.022184979230537927e+01 -1.514483059507965379e+01 6.572926329736949569e+00
-8.845069812873768811e+00 -1.532267548439105909e+01 6.633277282885874371e+00
-1.103407943371533229e+01 -1.438015828411777264e+01 5.961347405544680456e+00
-7.942619792727950490e+00 -1.450374436447152959e+01 6.001968728021321198e+00
-9.431093373093508703e+00 -1.348638992760096755e+01 5.842988014984061174e+00
-9.493526361442492956e+00 -1.258960817621226980e+01 6.534229814347702003e+00
-1.008663511098100507e+01 -9.288236767833922158e+00 5.041552935728089047e+00
-8.474555040925729088e+00 -9.374386761392466738e+00 5.043418663655644174e+00
-1.153044003512035864e+01 -5.291025714837668481e+00 4.403798629600308878e+00
-6.922745524719706722e+00 -5.793143378176398350e+00 4.437202310340090605e+00
-9.163510626776648849e+00 -5.949107116117309246e+00 3.692893071878407873e+00
-9.138895657454508381e+00 -1.635416539821847692e+01 1.115848953639245167e+01
