-8.917724484679780517e+00 -2.420488213232513885e+01 9.210695220140905803e+00
-8.087869369240250350e+00 -2.204525200032358612e+01 9.378354693241561790e+00
-1.033788981591623291e+01 -2.223186077258158733e+01 9.507252185196129801e+00
-7.296759223902068214e+00 -1.892982629340772149e+01 1.062353737399331877e+01
-1.078663069666227869e+01 -1.844190959332035717e+01 1.083720499125653980e+01
-8.307998029591926681e+00 -1.788484468159519025e+01 1.139277724051548546e+01
-9.864100849255024173e+00 -1.764020624660611247e+01 1.153200242664823350e+01
-4.441606964650134159e+00 -1.609362022870589470e+01 7.880931650828517654e+00
-1.405545798885327002e+01 -1.579481987713927005e+01 7.890736773233667734e+00
-6.983671173629712570e+00 -1.388602540186418288e+01 1.118632352001705144e+01
-1.153489065049431872e+01 -1.370094686912915805e+01 1.142467729334811999e+01
-3.993130571059633205e+00 -1.289130301004542289e+01 6.816098665825201408e+00
-9.279648359153064519e+00 -1.035298031339974578e+01 1.144960888256134801e+01
-1.470640061263418019e+01 -1.237465019738962724e+01 7.307276087621502825e+00
-5.264908101961284892e+00 -6.961603685835034305e+00 8.262437665104457096e+00
-9.441062129802405778e+00 -7.316887477464344869e+00 1.059705612921681706e+01
-1.285503616268335314e+01 -6.886635345344738646e+00 8.918023091800321822e+00
-5.736319052750120662e+00 -5.567578342765585830e+00 8.003559006646652207e+00
-9.195260815324347803e+00 -4.254684569763481861e+00 9.439127039503549810e+00
-1.275864075716022761e+01 -5.800532148928258636e+00 8.035485011969079494e+00
-9.185048305991331929e+00 -3.289782674372445204e+00 6.870346675272631209e+00
-1.360460903173265379e+01 -7.295766758612067804e+00 6.452981880960928507e+00
-1.368249245908063116e+01 -1.028854507825901976e+01 8.430028665632686824e+00
-1.334569707483009893e+01 -1.000158827545627993e+01 7.150191562856364591e+00
-5.020855768862867663e+00 -7.558042286191168913e+00 5.954787075891502468e+00
-4.564039983368738618e+00 -1.043669236728241323e+01 7.676184128205276735e+00
-5.322518752889436655e+00 -1.031306208259432822e+01 6.879882188773571272e+00
-9.113762241638267980e+00 -2.386735644269088752e+01 7.251938196105708556e+00
-9.061032721066140994e+00 -2.233501058008755180e+01 6.950365776996416223e+00
-9.293603303045955499e+00 -2.163567649742341104e+01 6.831817047832327461e+00
-8.830014828700772256e+00 -2.174950507659932697e+01 6.852853173054688440e+00
-1.004405523087374341e+01 -1.993413617117237635e+01 6.795157726962144373e+00
-8.152315318923280429e+00 -1.989300191360955949e+01 6.837336226896177926e+00
-1.139112145042682656e+01 -1.887727771199821447e+01 7.359593589580383899e+00
-7.207113639050106713e+00 -1.875716708878966799e+01 7.118572900576642937e+00
-1.087141690602598487e+01 -1.762524930582792848e+01 6.852377798724825553e+00
-7.589855824322223832e+00 -1.787370146236308699e+01 6.732348726105161774e+00
-9.806211387048429984e+00 -1.680421179833812673e+01 6.743194254266935417e+00
-8.933709112607004954e+00 -1.698555815725198315e+01 6.843958381507736277e+00
-1.004949448196942186e+01 -1.538135953701578806e+01 6.667552552259730980e+00
-8.876845284632903343e+00 -1.552378597809362937e+01 6.679891722280803634e+00
-1.084129332696205594e+01 -1.446453079315237744e+01 6.291399062020561317e+00
-8.019549076608040394e+00 -1.439890400033554130e+01 6.252468403352586357e+00
-9.304437333450952252e+00 -1.378956343746285640e+01 6.177525390848448872e+00
-9.347817395567528109e+00 -1.282274547021433619e+01 6.567640415650692454e+00
-9.889492699753954952e+00 -8.990445039489905810e+00 5.293521436482558684e+00
-8.329994515373480013e+00 -9.253765077151966167e+00 5.223505294563898005e+00
-1.159105600774394418e+01 -5.776732694683739844e+00 4.718036528398659613e+00
-6.976834041098820549e+00 -5.790108250767250553e+00 4.753429417228562492e+00
-9.296246739783649460e+00 -6.556750729578339154e+00 4.621875375584757251e+00
-9.066702872326665386e+00 -1.682472076797681027e+01 1.099340298339111399e+01
