-9.312142551469364093e+00 -2.365960261586398161e+01 8.789573143180501091e+00
-7.994933396309729545e+00 -2.221931475672255729e+01 8.562180479940737499e+00
-9.895704037236148665e+00 -2.186461612888315287e+01 9.132966100999391657e+00
-7.394210494199805694e+00 -1.829896019751658187e+01 1.046537608892000293e+01
-1.097591816745915949e+01 -1.805609341301184756e+01 1.058388824398494243e+01
-8.662283406716206002e+00 -1.720416915361689547e+01 1.119688964785620655e+01
-9.844224639753891282e+00 -1.683772842369393175e+01 1.132100209593354201e+01
-4.568852875594439311e+00 -1.567577231114311331e+01 7.510709206534987636e+00
-1.395749442632971871e+01 -1.571989827020314223e+01 7.600371095664436361e+00
-7.075231047968598475e+00 -1.392881758384803881e+01 1.143346634068364054e+01
-1.165721083452334561e+01 -1.365838735480891764e+01 1.101398585356270488e+01
-3.968819677879610097e+00 -1.308130436505188854e+01 6.779484002355729899e+00
-9.463933736077311920e+00 -1.093445802132690226e+01 1.155454134733582805e+01
-1.461628124122017525e+01 -1.244754303635195214e+01 6.772881674339502389e+00
-5.299426103442343106e+00 -6.909202672421019820e+00 8.545559094754338503e+00
-8.906028232440608150e+00 -7.212061251740244927e+00 1.049715260072585110e+01
-1.322737365411195398e+01 -7.261465308012086339e+00 8.772551311019061160e+00
-5.642096565160295896e+00 -5.651216281689089627e+00 7.799531504703717921e+00
-9.070467986170813290e+00 -4.660214186175301698e+00 9.363917320161817770e+00
-1.275229203031409142e+01 -6.048794322898856990e+00 7.970949290199083492e+00
-8.815108032033315055e+00 -3.679394736136138988e+00 6.627685283055431142e+00
-1.365235823394981196e+01 -7.349539915921335265e+00 6.342408664793045325e+00
-1.380716227858702894e+01 -1.023962512728754426e+01 8.042171276500067023e+00
-1.349333635493598216e+01 -9.828737333852096469e+00 7.045322518857730643e+00
-5.009031459364559069e+00 -7.792321708447381923e+00 5.901385972471768326e+00
-4.466494976299738795e+00 -1.019277521972207445e+01 8.024459968550779365e+00
-4.928948299149265466e+00 -1.002131404269059090e+01 7.022732059490220280e+00
-9.172333893739480715e+00 -2.348874358331707768e+01 6.986870795577058146e+00
-8.941663599340040847e+00 -2.169308894040897329e+01 6.737492895604074050e+00
-9.208082697470217681e+00 -2.109316091382881808e+01 6.698102239085026888e+00
-8.609989054285300369e+00 -2.120656298699151421e+01 6.690354372171445796e+00
-9.925283125141413976e+00 -1.965539697627761129e+01 6.778393581814158964e+00
-7.860767853634465396e+00 -1.961400646041910889e+01 6.898584251922528665e+00
-1.124749012609973775e+01 -1.889089770288229175e+01 7.080488586808364460e+00
-7.043685217054734160e+00 -1.892185213361698715e+01 7.268738041614724033e+00
-1.075785868745110818e+01 -1.763688046247384733e+01 6.764038430144317715e+00
-7.324675716278362003e+00 -1.760140210263724470e+01 6.751123928491555404e+00
-9.668873178539175939e+00 -1.669537419873052642e+01 6.780623301564022043e+00
-8.754891966347543075e+00 -1.659373976021772279e+01 6.786124388406567398e+00
-9.857831335545942153e+00 -1.531192093821910127e+01 6.729596528221980734e+00
-8.732399807382909884e+00 -1.517867020212702123e+01 6.604740236721433178e+00
-1.063215575750529140e+01 -1.446247494487744945e+01 6.515930769725839511e+00
-7.884070676547807466e+00 -1.420378897801385065e+01 6.192221344037674768e+00
-9.204677105734525355e+00 -1.340916988536881682e+01 6.033996299293201915e+00
-9.441456724413004764e+00 -1.237620091115334198e+01 6.218815889981550882e+00
-9.881234786255326696e+00 -9.490708503906123639e+00 4.906159206680033691e+00
-8.579214651124818403e+00 -9.451854305460070549e+00 4.901172425972656121e+00
-1.150297331002993673e+01 -6.357980973030067595e+00 4.798521417892409602e+00
-7.104301093535370093e+00 -6.197051602688196326e+00 4.524104746253808429e+00
-9.144107553755691953e+00 -6.695330664452929348e+00 4.195126227966746946e+00
-9.131456296472940437e+00 -1.659971060158093437e+01 1.093366149928045594e+01
