-9.142033449870965001e+00 -2.648311838427266096e+01 1.005721867181170204e+01
-7.853609913120827457e+00 -2.438818617273635070e+01 9.611911761977969704e+00
-1.016088587718861191e+01 -2.374423538358463048e+01 1.039763118609077708e+01
-6.977573811818437832e+00 -1.957921860183637008e+01 1.131754194041990047e+01
-1.130284547702511588e+01 -1.951582894994642103e+01 1.135156244492660527e+01
-8.465859559367508780e+00 -1.834747817119119517e+01 1.202607149080849069e+01
-1.026443568626043756e+01 -1.829955452978078156e+01 1.204471042980846818e+01
-3.485105756284170297e+00 -1.645237929579274905e+01 7.773703828273212046e+00
-1.503327826307135062e+01 -1.607873781517315948e+01 7.835432764070538347e+00
-6.311853009842958606e+00 -1.406233367246925958e+01 1.158139217058459458e+01
-1.184265205367040963e+01 -1.394631726022020146e+01 1.179720253553722031e+01
-2.903501393396759944e+00 -1.292161395209015851e+01 6.561059842165132494e+00
-9.291492140223693852e+00 -1.059745291302231784e+01 1.179909915365564821e+01
-1.559899264239735395e+01 -1.246231011579232728e+01 7.001371796580397877e+00
-4.610862661659192341e+00 -6.267392681697497636e+00 8.737743969559044643e+00
-9.248498212737775503e+00 -6.796491351629041944e+00 1.109546875694546131e+01
-1.405929833018994302e+01 -6.218359483612868388e+00 8.700559314676757694e+00
-5.071190760731781211e+00 -4.776430046550951047e+00 8.054058904929272344e+00
-8.974473314824578551e+00 -3.256623356548611792e+00 9.441920258006264888e+00
-1.371912855162795530e+01 -4.961956587713723721e+00 7.754770733035034169e+00
-9.068573789433697740e+00 -2.180671734620655222e+00 6.564040995634848663e+00
-1.435907507672864014e+01 -6.268351213313511749e+00 5.341761092186809279e+00
-1.466152573289335947e+01 -9.610942108534683115e+00 7.830205018844684339e+00
-1.414459826581981261e+01 -9.204192894886467968e+00 6.596385689497933136e+00
-4.128141523905710208e+00 -6.832095664507453314e+00 4.808143462380144229e+00
-3.880580312190291536e+00 -1.011064595763220453e+01 7.548885933093241185e+00
-4.420230323263629302e+00 -9.756186893973382013e+00 6.443753995996403638e+00
-8.880012024422722305e+00 -2.561026266008078522e+01 7.347195189851711383e+00
-8.974266736931449273e+00 -2.343744814053355086e+01 7.053636587958282078e+00
-9.346644463203897857e+00 -2.266544667415312730e+01 6.959231175301830774e+00
-8.657333756097541411e+00 -2.253628343507909548e+01 6.962658803839654631e+00
-1.027456426127225875e+01 -2.113570730979801127e+01 6.956613911982172382e+00
-7.840519053349627399e+00 -2.074925613326235663e+01 6.885309663567044325e+00
-1.169507282489691669e+01 -1.998454261704740986e+01 7.088740062148338517e+00
-6.549162554980444639e+00 -1.980121335907744751e+01 7.041601041478630307e+00
-1.119586054902776873e+01 -1.844253637620513331e+01 6.616710754411016637e+00
-7.241600366850512671e+00 -1.832195959264093688e+01 6.377914425979239965e+00
-9.702353560638382390e+00 -1.737610007683044699e+01 6.539986342993635127e+00
-8.713054713682673480e+00 -1.743119714735215098e+01 6.511401543175962203e+00
-9.700718398871881476e+00 -1.575229186657199243e+01 6.335907147617716895e+00
-8.442216244297586769e+00 -1.584259110177546326e+01 6.151848718763442747e+00
-1.079968096725514393e+01 -1.466041862698184239e+01 6.008930337786714482e+00
-7.518969245901502063e+00 -1.443197020774466210e+01 5.601297427094905856e+00
-9.097264464246752169e+00 -1.375198711602487300e+01 5.503401342948611941e+00
-9.287304904559423591e+00 -1.288834097483721841e+01 6.215162866799579966e+00
-1.006876993614583604e+01 -8.458436506843391101e+00 4.421399219881214648e+00
-8.504681022697443638e+00 -8.377278834854797296e+00 4.414717946555287043e+00
-1.174299351363402444e+01 -4.466218690974406158e+00 3.982458041971546514e+00
-6.779203311350431527e+00 -4.680645671114438855e+00 3.401095355025010925e+00
-9.418619670570860691e+00 -4.913885470086699847e+00 2.780099412139424686e+00
-9.369596537987254337e+00 -1.710305989644309932e+01 1.171606239537325322e+01
