-9.124925382433159982e+00 -2.469615539462704490e+01 1.018229470255760027e+01
-8.030848172838057408e+00 -2.332589144641934453e+01 9.808254151971407708e+00
-1.035821368637199313e+01 -2.303671162120256000e+01 1.000540122161847023e+01
-7.128028154289482998e+00 -1.888072210199862866e+01 1.094732598270572410e+01
-1.126342702245123384e+01 -1.872656220204228106e+01 1.108717157735688907e+01
-8.234646449042340777e+00 -1.790128617860222704e+01 1.158567537333698283e+01
-1.000349562245993518e+01 -1.759098010992440564e+01 1.178673190196946230e+01
-3.903103182413090622e+00 -1.633154514813794123e+01 7.838194333360894106e+00
-1.464773541310445992e+01 -1.587834210817293012e+01 7.525506192774791714e+00
-6.516912390069085959e+00 -1.420745145423663836e+01 1.139214388939669220e+01
-1.197831173385917225e+01 -1.373650356579982734e+01 1.149635514721824592e+01
-3.270595030841002782e+00 -1.285636085002330375e+01 6.290030572940938036e+00
-9.480341408423136329e+00 -9.933280993649972856e+00 1.180966016477031388e+01
-1.518336868279525653e+01 -1.273284475120408032e+01 6.481773969086188636e+00
-4.693972976604213976e+00 -6.548054421262676783e+00 8.343939733669579084e+00
-9.108682124049028772e+00 -6.667094425734829244e+00 1.084292016684089610e+01
-1.368543263234750640e+01 -6.754092993772051301e+00 8.914754887795378835e+00
-5.046014264164460528e+00 -5.176211773982233311e+00 7.617955605717893874e+00
-9.330075960071283703e+00 -3.787723222755781549e+00 9.632319518903662114e+00
-1.336774317651192412e+01 -5.178035254614337113e+00 7.673032228004741384e+00
-9.555230051282219250e+00 -2.655877893914665222e+00 6.773876005703643344e+00
-1.416268193934327080e+01 -7.040737038115095103e+00 5.517682527954302252e+00
-1.443531113872719729e+01 -1.013392290782582528e+01 7.823233162385770711e+00
-1.401433045543242528e+01 -9.784218215933929486e+00 6.552406481311625619e+00
-4.377596054328484421e+00 -6.965933277262930545e+00 5.306083033253852221e+00
-4.014857450427318675e+00 -9.965421632976489974e+00 7.697954662497149769e+00
-4.627050971931832457e+00 -9.824582900575826727e+00 6.491208902311695006e+00
-8.838035884381033824e+00 -2.477108800527658161e+01 7.376521734431088717e+00
-9.015267690620332175e+00 -2.289048570190517040e+01 7.260910850103007519e+00
-9.420062139598503137e+00 -2.225082519265080094e+01 7.262857395322146914e+00
-8.838577052613464602e+00 -2.214511060626922045e+01 7.243781969842129520e+00
-1.033679315088543227e+01 -2.051050020019863851e+01 7.065434267888296205e+00
-8.243852916519333718e+00 -2.027576866307146730e+01 6.860367943502350130e+00
-1.158932817080058619e+01 -1.928954882813584248e+01 7.259185407019051794e+00
-7.082337254624913925e+00 -1.934945533740867063e+01 7.052330681208221819e+00
-1.093296738796089329e+01 -1.803297023353273687e+01 6.774837248098183551e+00
-7.476775602968122492e+00 -1.791021189723931784e+01 6.434974705866850719e+00
-9.752138046364487778e+00 -1.692446443460105954e+01 6.629895126631336844e+00
-8.814275838983814282e+00 -1.695319932543753794e+01 6.605628835912022545e+00
-1.003012938189483982e+01 -1.547871124573587309e+01 6.277302650040569532e+00
-8.739807060096813629e+00 -1.564286010575979624e+01 6.230157821790983874e+00
-1.093940464484306219e+01 -1.474387024714836159e+01 5.605655646625503863e+00
-7.684430122997028434e+00 -1.457115823512243402e+01 5.645926741095891543e+00
-9.188671374632676248e+00 -1.383231781994989262e+01 5.356835657884396085e+00
-9.194777753076664339e+00 -1.289032528246050191e+01 6.062865652484495271e+00
-1.033253242179638676e+01 -9.103209343368918738e+00 4.572877241800163084e+00
-8.656559333839819459e+00 -8.994141237542562450e+00 4.664752084731661697e+00
-1.178703137839358561e+01 -5.202044619950525473e+00 4.080358934341745680e+00
-6.925105980844626252e+00 -5.621972142361714830e+00 4.002504676182054411e+00
-9.414562722840482678e+00 -5.973275950200762630e+00 3.422294657152871622e+00
-9.231590115404619823e+00 -1.665925395314649293e+01 1.133844475796527718e+01
