-9.404006751229429639e+00 -2.543115280989150406e+01 9.958619657571942341e+00
-8.161329852148339725e+00 -2.406949709770148971e+01 9.801356638296148560e+00
-1.046319789574582160e+01 -2.343242798058177812e+01 1.018896190047863470e+01
-7.174451217851205875e+00 -1.900544188305996940e+01 1.127589565069099464e+01
-1.158141927024512974e+01 -1.909010276756156799e+01 1.108334023466067109e+01
-8.426703497281696542e+00 -1.792360765562269265e+01 1.180596273065507162e+01
-1.020396733116811205e+01 -1.785744955968865355e+01 1.183716573876581180e+01
-3.896447913121035889e+00 -1.660860256502913046e+01 8.119318259008675653e+00
-1.470826439636089589e+01 -1.605376098226938808e+01 7.919621259526627099e+00
-6.650635411659632013e+00 -1.395183807893592309e+01 1.144629688763136777e+01
-1.171697507759009227e+01 -1.376788303305955097e+01 1.165167315157721006e+01
-3.106313978243391283e+00 -1.261183966987674410e+01 6.337637762063534907e+00
-9.053535083717219933e+00 -1.079393187867848170e+01 1.173196065045695669e+01
-1.529046262002159295e+01 -1.310246146104430309e+01 6.687918469711817693e+00
-4.568940011692257386e+00 -6.188894034446891013e+00 8.462306567796209933e+00
-9.209055757382053287e+00 -6.283631326502806758e+00 1.078836344101124745e+01
-1.393808110725236737e+01 -6.137261168308379311e+00 8.611679333002127734e+00
-4.938494872690901261e+00 -4.840201850570450048e+00 7.733184682719008052e+00
-9.568661545841496974e+00 -3.362342693693156193e+00 9.608238094054685874e+00
-1.365934916953674971e+01 -5.046055097662865307e+00 7.616074213677035409e+00
-9.234816991082915649e+00 -2.253458612859926546e+00 6.375027216926882012e+00
-1.436998158937266012e+01 -6.501904765823972809e+00 5.395807611782258206e+00
-1.455338757267968397e+01 -1.018887214488586501e+01 8.053344368587048052e+00
-1.429044805570259236e+01 -9.468169270682441407e+00 6.904072234351701809e+00
-4.200805332445371576e+00 -7.117327604296878718e+00 5.093786710821295749e+00
-3.854112270389312922e+00 -1.022474099184773877e+01 8.170368269356330870e+00
-4.154787148064932545e+00 -9.639154700470061954e+00 7.071482345537864589e+00
-9.550948032160860635e+00 -2.513973609998964420e+01 7.375183939409283518e+00
-9.024791589141234027e+00 -2.319893239923916539e+01 7.080400205798596858e+00
-9.429803980735496083e+00 -2.228009298616660416e+01 7.051925932190603596e+00
-8.770196191331606883e+00 -2.221477963043900772e+01 7.041400606637067128e+00
-1.063086556148266482e+01 -2.041241882792412099e+01 7.114251356132312409e+00
-8.241053256150028261e+00 -2.033411679580640197e+01 7.045443320403014020e+00
-1.179737346956451383e+01 -1.932829281072282868e+01 7.341441180253598375e+00
-7.013674497067992064e+00 -1.963547590346865235e+01 7.260952439311491702e+00
-1.127399667943241646e+01 -1.828026500016472156e+01 7.034662033384297963e+00
-7.547527155016322098e+00 -1.828809247466185184e+01 6.644924623464052438e+00
-9.766152365555360149e+00 -1.727687868796016346e+01 6.892836843496715105e+00
-8.774900299313316054e+00 -1.719594477094168283e+01 6.748713132909495371e+00
-9.810967187957770008e+00 -1.570193038358922522e+01 6.437611127463529925e+00
-8.502064544107177824e+00 -1.571832015067718835e+01 6.147349279850827131e+00
-1.083469647499410016e+01 -1.473299602979258083e+01 6.042630995433661667e+00
-7.610519842818405323e+00 -1.486034707293264034e+01 5.595028877483954055e+00
-9.184462868342412989e+00 -1.413589075808942219e+01 5.678125812177741594e+00
-9.257179884008818860e+00 -1.318446253170873028e+01 6.294178804985897102e+00
-1.029243730968418369e+01 -9.211428457044345208e+00 4.659231038383907730e+00
-8.513940805152195423e+00 -8.815241824627033651e+00 4.607519731677118813e+00
-1.186721938505104745e+01 -4.836954025013837644e+00 3.879172430102046487e+00
-6.823328675136539623e+00 -4.885672882099149739e+00 3.666330887503538083e+00
-9.303811164788493571e+00 -5.455142313589348646e+00 3.055503678563809888e+00
-8.912885331543449752e+00 -1.715280179508083691e+01 1.145952397980541804e+01
