-9.263643978662051026e+00 -2.487698702178301247e+01 9.996972262200845449e+00
-7.900712798220843602e+00 -2.340721683343509341e+01 9.342362509696529926e+00
-1.040088719241959225e+01 -2.286797951202790813e+01 1.008605781577222693e+01
-7.303890004897667154e+00 -1.918311849936269198e+01 1.118462695298908649e+01
-1.132839053477577984e+01 -1.886014053181852645e+01 1.116894936166501751e+01
-8.661060030978521951e+00 -1.791653135004178310e+01 1.177917917158993610e+01
-1.017030942259290782e+01 -1.778846183378224310e+01 1.181437672709636466e+01
-3.918821930103076667e+00 -1.615818359727027342e+01 7.452526918561825475e+00
-1.464855285677430885e+01 -1.580751922823450961e+01 7.372053603581380621e+00
-6.543426201084108662e+00 -1.418600223467001875e+01 1.129557821283353469e+01
-1.193847493859374254e+01 -1.401546466015960490e+01 1.157069777375104103e+01
-3.239019715379884534e+00 -1.294056831877673375e+01 6.335625784353513090e+00
-9.021726738400875689e+00 -1.022334160206776943e+01 1.179230489528122661e+01
-1.506906063971938181e+01 -1.293986343181598819e+01 6.685914226256478798e+00
-4.758379704130094368e+00 -6.111233579190079368e+00 8.514254001904776104e+00
-9.163873431734307573e+00 -6.729445182581405227e+00 1.085300459298880149e+01
-1.387201910286614925e+01 -6.844223966839212636e+00 8.846646945758040559e+00
-5.224297417820003453e+00 -4.689900475944164704e+00 7.905774698333953410e+00
-8.979208228689852689e+00 -3.565902103386167532e+00 9.477296903010023144e+00
-1.347790222720377251e+01 -5.520700057582557108e+00 8.151501597326713977e+00
-8.674827276084018379e+00 -2.487395300948987753e+00 6.453498051271719049e+00
-1.403338340532669015e+01 -6.838745342565629493e+00 5.518998339399916020e+00
-1.434633998256082599e+01 -1.010554843072890030e+01 7.912428120750817584e+00
-1.400877073751983737e+01 -9.461316772780785200e+00 6.543776343832829134e+00
-4.275575770119086627e+00 -7.149448911526780748e+00 5.491501162941091252e+00
-3.908130333258409195e+00 -9.917639465319428638e+00 7.630936460191951376e+00
-4.205970875819043719e+00 -9.454636999880582593e+00 6.749066495605971383e+00
-9.306552578795832531e+00 -2.506564032079037219e+01 7.723131020127725677e+00
-9.210067711178169247e+00 -2.319657829850685005e+01 7.174370196922307485e+00
-9.521701968134264504e+00 -2.227313131521338363e+01 7.092429529587757742e+00
-8.943974072945485077e+00 -2.234283323579277791e+01 7.029319691929652336e+00
-1.024509267715553129e+01 -2.039429551023911102e+01 6.875320008044930375e+00
-8.127704661077419956e+00 -2.045903245048550900e+01 6.831139789585458644e+00
-1.156323113019075066e+01 -1.946211227926293930e+01 7.224866457505329187e+00
-7.003513088540886500e+00 -1.983332649022856486e+01 7.172291061488875741e+00
-1.122662188598155630e+01 -1.793817172193129394e+01 6.767495543970021288e+00
-7.578499045874862894e+00 -1.814028584962771617e+01 6.541266825792614981e+00
-1.007805639102921091e+01 -1.697154850566974460e+01 6.626780649627520781e+00
-9.131686799228313944e+00 -1.695563952591977852e+01 6.631470054607246034e+00
-9.860335797866106589e+00 -1.563612002487293040e+01 6.357507777209294275e+00
-8.687546468702343816e+00 -1.552431830962066606e+01 6.252014202140500743e+00
-1.063646687462810192e+01 -1.471694007639747426e+01 5.904792154370256618e+00
-7.607614017908234771e+00 -1.442893078516940975e+01 5.738546062064846076e+00
-9.135931946980404561e+00 -1.340772560328761820e+01 5.372618929970026436e+00
-9.224490965147641219e+00 -1.242324357305412619e+01 6.018271435405246450e+00
-9.718547848450420190e+00 -9.130591441027991806e+00 4.520313436982204003e+00
-8.434439175673889011e+00 -9.175511718334512068e+00 4.515914564126536135e+00
-1.163517742105539909e+01 -5.176567466025551845e+00 3.793424621581273470e+00
-6.736280829039284157e+00 -5.052099377028083538e+00 3.650444981632916974e+00
-9.137300722739970738e+00 -5.496053799799292428e+00 3.104958558125049173e+00
-9.376107452089456729e+00 -1.687659247042545019e+01 1.135749882086832585e+01
