-8.973404154101485730e+00 -2.558021624893669710e+01 9.837265028238432407e+00
-7.839016708520937016e+00 -2.370424261990788395e+01 9.808349580034786186e+00
-1.018661741156467215e+01 -2.353898833437147786e+01 9.959261356006543053e+00
-7.065069785336450359e+00 -1.939984284697428052e+01 1.121276901237993506e+01
-1.121323520014954056e+01 -1.959968751320761626e+01 1.124567011766148106e+01
-8.328831618628086630e+00 -1.812159928289859323e+01 1.195731715210275325e+01
-9.965596277297636973e+00 -1.838551371854119409e+01 1.212484831818498421e+01
-3.941190302958038849e+00 -1.618732299605933633e+01 7.718107079308597740e+00
-1.438556926646071688e+01 -1.619547661185200127e+01 8.099274414303645031e+00
-6.673915589745215371e+00 -1.419535434230166437e+01 1.175268490576253200e+01
-1.196771040134828468e+01 -1.387838685345061585e+01 1.184274532935932100e+01
-3.418703948132010950e+00 -1.278163131267925046e+01 6.077333169558239767e+00
-9.202152886907324358e+00 -1.024229395894176164e+01 1.187534358996993333e+01
-1.497624637030497929e+01 -1.272635633887833073e+01 6.657877162728913945e+00
-4.851253781673960042e+00 -6.350180514121804620e+00 8.700986923686679475e+00
-9.133863125757002877e+00 -6.451640267070843038e+00 1.088635082518977804e+01
-1.356004128035756118e+01 -6.052579495710534552e+00 8.678874435441422008e+00
-5.358212801255580082e+00 -4.473529564961419958e+00 7.809735515285598950e+00
-9.378908958211505720e+00 -3.219646090265802840e+00 9.495287505805471540e+00
-1.345038849758215882e+01 -5.108707103310369035e+00 7.881588890011459902e+00
-8.972675610995342055e+00 -2.141870091471123061e+00 6.245306219019608918e+00
-1.414182934162699112e+01 -6.658024714822082579e+00 5.269981416258348261e+00
-1.446781680833471384e+01 -9.505788093342649958e+00 7.975742143510737847e+00
-1.411317724811903851e+01 -9.078356554770206088e+00 6.637063858193835486e+00
-4.420659820046982880e+00 -6.633222764434801633e+00 5.076927594197398363e+00
-4.020726427978980055e+00 -1.009281692859442892e+01 7.517398842772825773e+00
-4.464126251880985663e+00 -9.654257868372861040e+00 6.623703941657094418e+00
-9.271267628292322982e+00 -2.540759025400419802e+01 7.188549460170203353e+00
-8.926259623922099706e+00 -2.362528051393839945e+01 6.950856482584329754e+00
-9.416725926817893111e+00 -2.275438927612514561e+01 6.922670396387290204e+00
-8.695562996157999436e+00 -2.270412054835676585e+01 6.883397450654287653e+00
-1.060254209686429938e+01 -2.100409443323420078e+01 7.040793741350535484e+00
-8.153741018069032620e+00 -2.060508319980700520e+01 6.707044614404166438e+00
-1.161428103311892457e+01 -1.978825764280060184e+01 7.177749213394282179e+00
-6.696650923364348529e+00 -1.964643915383496520e+01 6.957709043667761328e+00
-1.100035459530657356e+01 -1.843811836864954046e+01 6.591539370796529518e+00
-7.406673898376880949e+00 -1.855279091871760500e+01 6.526194698279768502e+00
-9.630206946850091043e+00 -1.748589642285643819e+01 6.654270573163850955e+00
-8.740068204524796158e+00 -1.748845970611541745e+01 6.744331737642491831e+00
-9.688685867569949650e+00 -1.589794318826162467e+01 6.437165642922271225e+00
-8.534689945431694014e+00 -1.590643275642674226e+01 6.361118725883492253e+00
-1.069711056986330711e+01 -1.485867791647672931e+01 6.063599370826628032e+00
-7.760526520649806415e+00 -1.470131549310085006e+01 5.865315490937527798e+00
-9.228348720118276560e+00 -1.382851754520497067e+01 5.631431556476990785e+00
-9.334496146850767673e+00 -1.276713020578834090e+01 6.316095279967068876e+00
-1.012430123759158462e+01 -8.768467073206796414e+00 4.615038070993198183e+00
-8.661650074753261208e+00 -8.755621005195093787e+00 4.563189607224854782e+00
-1.143946806028145957e+01 -5.004230119670006083e+00 3.701447260553194063e+00
-6.806642163420880465e+00 -4.902366646396289163e+00 3.400557127956127523e+00
-9.072868438640629307e+00 -5.475940010170898375e+00 3.055095195235856487e+00
-9.300104858393382301e+00 -1.708559445659874498e+01 1.158618648582371335e+01
