-9.013482051016101337e+00 -2.634213767643113613e+01 1.048295812227799217e+01
-7.760609716628738219e+00 -2.449296803292154934e+01 9.992208679808161520e+00
-1.021594314286970651e+01 -2.385859458487303897e+01 1.042382690874572404e+01
-6.790004700334596244e+00 -1.946458853931631694e+01 1.150743602925618170e+01
-1.153451978941377831e+01 -1.973175076261038186e+01 1.151713519247645579e+01
-8.223766073208061300e+00 -1.858890680541649232e+01 1.212529620408863806e+01
-1.012300351388475939e+01 -1.856140147864518752e+01 1.222668285701670854e+01
-3.541776845243293170e+00 -1.625681841215132550e+01 7.869469104177880148e+00
-1.465292256381072455e+01 -1.666067876862472374e+01 8.331943208791818378e+00
-6.698764830063947961e+00 -1.406209510012709707e+01 1.191960291113250037e+01
-1.168383586807891206e+01 -1.392566686493712780e+01 1.187561382286246214e+01
-3.165122203800689871e+00 -1.302120908431830060e+01 6.448267140685212340e+00
-9.189791598979242693e+00 -1.045657753115772515e+01 1.175354039093532421e+01
-1.542361686758230377e+01 -1.283365494645598481e+01 6.781665023060209130e+00
-4.604746722812013360e+00 -6.252427369122289136e+00 8.700453145737441218e+00
-9.003305980529477281e+00 -6.279155920249574585e+00 1.076765791211034440e+01
-1.364140000660883167e+01 -6.079295443031439206e+00 8.863741748995963121e+00
-5.092126471250134401e+00 -4.362669149263123103e+00 7.697343494950918519e+00
-9.070485851086015572e+00 -3.210148816161288998e+00 9.598570074336924662e+00
-1.340508122638022748e+01 -4.934294454708926025e+00 7.755479162642743951e+00
-9.026373096819806818e+00 -1.796655623322654050e+00 6.271540665702598716e+00
-1.422468474213372680e+01 -6.364774654960431377e+00 5.291069808850725309e+00
-1.447154259678129407e+01 -9.744339772701543723e+00 7.982072048252041085e+00
-1.423998597301868152e+01 -9.047058071446052452e+00 6.822009027885991728e+00
-4.171643627284781886e+00 -7.051786800032958880e+00 5.179003353944969135e+00
-3.832192282760065627e+00 -9.531962409482442666e+00 7.890197829591668821e+00
-4.290177191007650492e+00 -9.176425874168522512e+00 6.509027314839054945e+00
-8.856636793010988384e+00 -2.608473735708300012e+01 8.013126482136314621e+00
-9.071582615339137234e+00 -2.424368678767828200e+01 7.094440117310464977e+00
-9.433264248852697875e+00 -2.318706726753895353e+01 6.931580999385531072e+00
-8.821185877180058199e+00 -2.325098954202084656e+01 6.876186628020293234e+00
-1.045869056446398560e+01 -2.106430530032119464e+01 6.855770778596920856e+00
-8.049425255121974487e+00 -2.115396955962943437e+01 6.876961589336059610e+00
-1.191017643790455693e+01 -2.011296225004679172e+01 7.294974960252385898e+00
-6.571744444947734465e+00 -2.048235038435668542e+01 7.578556988676686146e+00
-1.135949503844237007e+01 -1.868808503184159520e+01 6.967603927329221847e+00
-7.137818571194816109e+00 -1.909334009287726985e+01 6.848234644896085577e+00
-9.792987618617781109e+00 -1.778200664248386076e+01 6.944009852168885999e+00
-8.657817180414028257e+00 -1.791175943989277997e+01 6.853006379615672827e+00
-9.974459127791263313e+00 -1.614507065924923168e+01 6.471969037781953205e+00
-8.559584409129840310e+00 -1.621351504409661715e+01 6.375886042878326165e+00
-1.101357618884699008e+01 -1.518365091130169553e+01 5.893298960574184342e+00
-7.628808627325996738e+00 -1.489313061026782847e+01 5.775741074092883842e+00
-9.354149766748189876e+00 -1.405838448791745421e+01 5.717055718840607703e+00
-9.352925285544015921e+00 -1.280296028065175484e+01 6.283888985363383028e+00
-1.005832412589833957e+01 -8.474913466326357891e+00 4.326270256131630632e+00
-8.641238351585901256e+00 -8.581982383726527885e+00 4.384710411133923458e+00
-1.143417132634625411e+01 -4.481601220909709582e+00 3.441307616507697009e+00
-6.545791241132101312e+00 -4.614102373241260935e+00 3.430709024775835392e+00
-9.059907741000753134e+00 -5.043616961198614135e+00 2.854741642017526004e+00
-9.210118788397704037e+00 -1.761281700257025662e+01 1.177068113306283337e+01
