-8.953531822078012681e+00 -2.609537589990690520e+01 9.825245568976416877e+00
-7.776200782032768544e+00 -2.391253463514659572e+01 9.691792276641658432e+00
-1.017903285130934421e+01 -2.408461731435335196e+01 9.925098079362701498e+00
-6.955739071521096051e+00 -1.942615954656870159e+01 1.127380806910235833e+01
-1.117103056413443873e+01 -1.899311445968824685e+01 1.149127963893327298e+01
-8.080396001598245448e+00 -1.806709758035949065e+01 1.188617790130662932e+01
-9.641484327528324627e+00 -1.804755565031366871e+01 1.190044222055593970e+01
-3.947919752957437467e+00 -1.669839898175091264e+01 7.934244013760722858e+00
-1.478201873122161913e+01 -1.600746836026532094e+01 7.724376318008280506e+00
-6.429507662935930234e+00 -1.383585523283309193e+01 1.161598873080819772e+01
-1.171826752391195114e+01 -1.395639065302593096e+01 1.185995669599830293e+01
-3.181905829371952876e+00 -1.315929620651783338e+01 6.341090815807811865e+00
-9.456836454290385774e+00 -1.000166796762698418e+01 1.151823126569993683e+01
-1.514849031995674622e+01 -1.282266059801025904e+01 6.502347570203424354e+00
-4.587622050384189798e+00 -6.284845919838017991e+00 8.509939079777952387e+00
-9.459959457962860085e+00 -6.418393783687123211e+00 1.044866188979913524e+01
-1.371533823413181175e+01 -6.237753738016695415e+00 8.346082343444891194e+00
-5.229639353829224291e+00 -4.666816851524467680e+00 7.779242594020357338e+00
-9.973747891110399166e+00 -3.341573137505970070e+00 9.208527237940341337e+00
-1.346266695948215641e+01 -5.340565250344859294e+00 7.362925483052365827e+00
-8.286855194427193538e+00 -2.338455135579755151e+00 7.092086049024437955e+00
-1.398464331906965086e+01 -6.747067291647547371e+00 5.483799405726215603e+00
-1.426715731058883208e+01 -9.705483177703086994e+00 7.586831509938249951e+00
-1.365825418992593754e+01 -9.399542358553377497e+00 6.139736995347267801e+00
-4.408869330184749913e+00 -7.305064881290904033e+00 5.219748147399902116e+00
-3.951330383811048286e+00 -9.738700928732217932e+00 7.678204391697571296e+00
-4.391895183772232869e+00 -9.507936612120042597e+00 6.476222003005301708e+00
-9.403249691967875634e+00 -2.556206419674026264e+01 7.311598386822748985e+00
-8.618050920885107047e+00 -2.355306857556420752e+01 7.392808804763611796e+00
-9.026293422339229267e+00 -2.265126067905045559e+01 7.144580846483753689e+00
-8.394604373490437865e+00 -2.258423476236196237e+01 7.280828921628832440e+00
-1.015974870128633434e+01 -2.088002518602552016e+01 6.958410222060026129e+00
-8.089068402066660113e+00 -2.103381786509207174e+01 7.056235944846743990e+00
-1.137460491705936860e+01 -2.006933984250516545e+01 7.316908112431216082e+00
-6.865508900201086284e+00 -2.013701256533207129e+01 7.489041837717214101e+00
-1.093287928084208893e+01 -1.851280199118410152e+01 7.043270923502608305e+00
-7.518367544307571926e+00 -1.875332328708154961e+01 6.761101990017718499e+00
-9.803941734033433164e+00 -1.742257477455565606e+01 6.860682667895855680e+00
-8.973089223621844468e+00 -1.738402171017724385e+01 6.825002255906476023e+00
-9.949053263638489852e+00 -1.583920606823746979e+01 6.386203435975001064e+00
-8.649827048649980199e+00 -1.584489887271280928e+01 6.237419705184543695e+00
-1.080882561885737658e+01 -1.427757099374002969e+01 5.968326499220115267e+00
-7.552919147251056842e+00 -1.455799652083533857e+01 6.049658840364823931e+00
-8.932751043146915038e+00 -1.351130569858262120e+01 5.866096289088548410e+00
-9.359036378396631051e+00 -1.250432564820856918e+01 6.280248217160067981e+00
-9.943395702964091143e+00 -8.349037895535449394e+00 4.476992904599772061e+00
-8.550846176137127941e+00 -8.227066962279730333e+00 4.703386414578789143e+00
-1.150434866605591111e+01 -4.302935214084532944e+00 3.973670540409306451e+00
-6.474433442355662649e+00 -4.426492437769727673e+00 3.737857453720030865e+00
-9.159981010735805285e+00 -4.796631637312169794e+00 2.919134491023400280e+00
-8.694713208656041914e+00 -1.695972355532104459e+01 1.122614907456522815e+01
