-9.068007076679444722e+00 -2.533289416209426292e+01 9.701813007193754501e+00
-8.188212703812830284e+00 -2.354611416542831392e+01 9.646678789996926184e+00
-1.056870272659808307e+01 -2.343738741014281146e+01 9.613883686549757002e+00
-6.989988294746197539e+00 -1.931705162914649421e+01 1.098270239329440301e+01
-1.143727342254759805e+01 -1.914748711333312770e+01 1.117628991374956193e+01
-8.117561663960394469e+00 -1.802065541236794033e+01 1.178371506637254384e+01
-9.948725623389705675e+00 -1.803283372840525800e+01 1.183855431710895445e+01
-4.040242426798260844e+00 -1.645552836759289050e+01 7.818627502967260057e+00
-1.464523592163479826e+01 -1.601312938593697410e+01 8.083038358783690924e+00
-6.388130393960102182e+00 -1.391147625193659998e+01 1.140831021704581261e+01
-1.184439466717999778e+01 -1.389188951522251259e+01 1.158644074542355540e+01
-3.354034446627967014e+00 -1.347837532718737208e+01 6.422112924319982596e+00
-9.228198297201901212e+00 -1.038825866528118524e+01 1.171929184235224497e+01
-1.528364679883982369e+01 -1.283562541869262930e+01 6.783455848411348299e+00
-4.876664474121974457e+00 -6.465665379827049364e+00 8.601936470219071040e+00
-8.998994412926771602e+00 -6.831778648386094943e+00 1.076752619452372706e+01
-1.361601493955314446e+01 -6.435040616141624703e+00 8.768806434945718209e+00
-5.235184576830424596e+00 -4.904207774339937487e+00 7.844020488161390858e+00
-9.491709785912240349e+00 -3.588432510797534114e+00 9.563555358069981693e+00
-1.335566187911692815e+01 -5.104485156835676385e+00 7.764464246790841351e+00
-9.011230352461803150e+00 -2.351784538048822704e+00 6.232928454510948235e+00
-1.403906208571112302e+01 -6.506302879879386936e+00 5.645815427488625637e+00
-1.436382310161033260e+01 -9.697095936688386431e+00 8.031783791672252093e+00
-1.404029645566989437e+01 -9.080139634369359669e+00 6.826182801286344137e+00
-4.487132433642379681e+00 -7.246145061809977861e+00 5.217848274529492514e+00
-3.955344780049300013e+00 -9.616241441864614714e+00 7.873482658928558031e+00
-4.490353260456592999e+00 -9.468869791021626625e+00 6.661100814179424567e+00
-9.161856149918296666e+00 -2.512055457767588962e+01 7.201971226654540814e+00
-9.226180805757316250e+00 -2.326014981038013119e+01 6.984711446447046335e+00
-9.546138852098799532e+00 -2.250521574036681116e+01 6.905405654258110815e+00
-8.938661733098857809e+00 -2.262977398070687229e+01 6.894763561075587965e+00
-1.035265486775126753e+01 -2.070599370234658920e+01 6.748334281588396877e+00
-8.147376731351705814e+00 -2.073736796440222818e+01 6.677692955175951184e+00
-1.163120328893997346e+01 -1.961017624419717365e+01 7.031150409174534488e+00
-6.896894455670719459e+00 -1.979687536004252379e+01 7.165282595035033175e+00
-1.121927745171821478e+01 -1.828147803152777229e+01 6.713763607508880682e+00
-7.529297726900247234e+00 -1.811625820187350655e+01 6.680494144901609310e+00
-9.754738841505849578e+00 -1.707582800003783419e+01 6.884699066278493262e+00
-8.799300771323714798e+00 -1.699535148560768860e+01 6.896236075174927649e+00
-9.700693315911802728e+00 -1.547440239017661057e+01 6.471425701464911917e+00
-8.479997226883515538e+00 -1.548520738669838437e+01 6.301708044091374639e+00
-1.078420976928867603e+01 -1.465581321007879012e+01 5.944964905742631700e+00
-7.650551682603955683e+00 -1.459334170583780654e+01 5.538372121952635396e+00
-9.151649912672228382e+00 -1.373507521324130920e+01 5.601075972423850580e+00
-9.279839456021193200e+00 -1.243748816205281216e+01 6.130096342238244844e+00
-9.938601628624386564e+00 -8.830140378902772369e+00 4.547145274780719504e+00
-8.274640255658663790e+00 -8.883379988454683129e+00 4.508179521417449820e+00
-1.133847907257528576e+01 -4.787037665122520380e+00 3.913506818050925151e+00
-7.078758734111709749e+00 -4.948575687505946341e+00 3.545230766785067100e+00
-9.395648993951301264e+00 -5.687783965141107956e+00 3.471708098175031232e+00
-8.808595977878633576e+00 -1.715102847531721153e+01 1.131434320961589535e+01
