-8.843538544811860191e+00 -2.334452255080102034e+01 9.235167375806021539e+00
-7.924634039895723348e+00 -2.172729803264494208e+01 8.849777483483137530e+00
-9.830394494946499861e+00 -2.178780651400684576e+01 9.532829582588082218e+00
-7.534336651336202451e+00 -1.774933470957945048e+01 1.058692123919492367e+01
-1.118107224122164034e+01 -1.843678324736261942e+01 1.069771995228225592e+01
-8.856207711760283985e+00 -1.720654207284246695e+01 1.119194398519805134e+01
-1.019412996014457207e+01 -1.767410361548719777e+01 1.128297642707998705e+01
-4.348488628042866289e+00 -1.519802613281474279e+01 7.416474833528106103e+00
-1.425125629271548533e+01 -1.562678862850313521e+01 7.730418992182277904e+00
-6.705544320315595108e+00 -1.361362900334606962e+01 1.109170360115895626e+01
-1.196429532089784864e+01 -1.327505806413516432e+01 1.137628525942186286e+01
-3.880255251649613157e+00 -1.281985172953085872e+01 6.739961610642707157e+00
-8.929421798979637614e+00 -1.019484587141322507e+01 1.154945571447834674e+01
-1.482803660865940643e+01 -1.243634636064298782e+01 7.085503326879221575e+00
-5.071650472292557055e+00 -7.003626094582044104e+00 8.545784416169183828e+00
-9.358230685586750752e+00 -7.390601404501187410e+00 1.090508237225204979e+01
-1.318179634425662528e+01 -7.026088713270663533e+00 8.951419928709066554e+00
-5.556447124167655183e+00 -5.786013310398772980e+00 8.257660878452398379e+00
-9.175020658345406588e+00 -4.505878772159027434e+00 9.517896424196770511e+00
-1.290392826105950341e+01 -6.237858198955607669e+00 8.142066447573030885e+00
-8.781237092862863136e+00 -3.839229746060032422e+00 6.590197444006145489e+00
-1.351401570245699624e+01 -7.546513394525700136e+00 6.302629111867355860e+00
-1.391862589057684652e+01 -1.003277386339610544e+01 8.021313801187361037e+00
-1.354319169619505026e+01 -9.762887095632107659e+00 7.041593716659898305e+00
-4.932895873315983337e+00 -7.774583347081597040e+00 5.916424566954850306e+00
-4.629387116508356215e+00 -1.005881662765206563e+01 8.108099112841200551e+00
-4.971263706975086905e+00 -9.961308723187961789e+00 6.855182767648903663e+00
-9.009408681983813949e+00 -2.315202267171530792e+01 7.176694713449264462e+00
-9.023082273505076856e+00 -2.155637268174438148e+01 6.960755091619734714e+00
-9.442760112456161536e+00 -2.096539918955660298e+01 6.931414268625180064e+00
-8.828742956816943988e+00 -2.086200263284618828e+01 6.892676104371638246e+00
-1.047572211259907959e+01 -1.939490397298246194e+01 6.959919713620042359e+00
-8.320057717340780812e+00 -1.899399141712277839e+01 6.809342758247291627e+00
-1.162397784129533918e+01 -1.837396221569730059e+01 7.145817304594450192e+00
-7.396693132479884802e+00 -1.800016779385976662e+01 6.951931776922419814e+00
-1.115272260989521058e+01 -1.725718033877073765e+01 6.978952272501579124e+00
-7.978344394642078896e+00 -1.696041094974457764e+01 6.611759959028168154e+00
-9.747171605315106291e+00 -1.638373477224704899e+01 6.922815705398372543e+00
-8.912917825002773853e+00 -1.636423080340210845e+01 6.857490139987939770e+00
-9.882642262757737939e+00 -1.518896154634790818e+01 6.558547564957331488e+00
-8.680977105238946834e+00 -1.518211833846337733e+01 6.391156168269949589e+00
-1.087927142806612579e+01 -1.441924248073769022e+01 6.182050782629127994e+00
-7.867150850808060092e+00 -1.405456008483980490e+01 5.787945258871236121e+00
-9.407712900193999417e+00 -1.336010897136886477e+01 5.702496292902885955e+00
-9.610184090019284753e+00 -1.281688061787142097e+01 6.374732059789358196e+00
-1.021802275182361086e+01 -9.378010627897245044e+00 5.064727920104661330e+00
-8.470554467489710859e+00 -9.216028184488752828e+00 5.023303322236800206e+00
-1.136190952109288865e+01 -6.210972224464561542e+00 4.797780945671773267e+00
-6.962684350771721320e+00 -5.985090323884027619e+00 4.673744349749219928e+00
-9.510663180849556753e+00 -6.207634205193624410e+00 3.998454424075770675e+00
-9.657910395485064470e+00 -1.684835626297311606e+01 1.078558523398162805e+01
