-9.124467141866515973e+00 -2.469356364158139883e+01 9.654725043434261522e+00
-8.023735531734839554e+00 -2.300498415018598664e+01 9.449505118912901125e+00
-1.042578903021191472e+01 -2.247186368267417933e+01 9.637222296750447725e+00
-7.451217394382587678e+00 -1.875119568525229141e+01 1.086651046268896792e+01
-1.112279934631849443e+01 -1.913209336376830194e+01 1.072134204543605307e+01
-8.551164794877196940e+00 -1.757957567535349952e+01 1.152145386924558856e+01
-9.908569028852035387e+00 -1.799203051681654486e+01 1.158000817527273085e+01
-4.014239544319604391e+00 -1.583520201837321295e+01 7.658257914925306054e+00
-1.441067320052888689e+01 -1.587201357488134335e+01 7.764243692483253412e+00
-6.422444341504576215e+00 -1.404249100994745980e+01 1.129805366001594535e+01
-1.186297907208351354e+01 -1.424874917546672570e+01 1.125233879646093982e+01
-3.500906081657809921e+00 -1.333493510354491107e+01 6.648898438182434312e+00
-9.304706218647787352e+00 -9.753013456615830634e+00 1.191072093429620793e+01
-1.504292098201215566e+01 -1.301066702550106591e+01 6.694398914230333730e+00
-4.957290903907100699e+00 -6.452694589084535082e+00 8.509631317309972687e+00
-9.242651244740622829e+00 -6.873241065420836016e+00 1.103761765863221811e+01
-1.341148175909769868e+01 -6.502160200427205439e+00 9.033417103179450791e+00
-5.311651782069795047e+00 -5.248602763697606477e+00 8.005856919946426231e+00
-9.333306604946679741e+00 -3.947311259258536431e+00 9.528704356100018202e+00
-1.338131770629402695e+01 -5.607841804096734606e+00 8.069806597373787582e+00
-9.041944388237798336e+00 -2.772251569599403886e+00 6.732357150906845611e+00
-1.410085813196512916e+01 -6.946692473323089700e+00 5.811260365633129865e+00
-1.436861182645704105e+01 -1.000821118710324242e+01 7.731453781012760373e+00
-1.398053417790377750e+01 -9.585232607306169328e+00 6.674799800815673478e+00
-4.586302069597271824e+00 -7.153813429143696112e+00 5.383082007936629054e+00
-3.938766592715821080e+00 -9.909579928997017007e+00 7.508906041935213160e+00
-4.590546302650903243e+00 -9.877782784393815518e+00 6.511499942768903537e+00
-9.387298891087509034e+00 -2.434056354290746071e+01 6.986320209891748512e+00
-9.203165000139719609e+00 -2.272511440685559592e+01 7.039784768590312325e+00
-9.517195176732284878e+00 -2.214281749641819630e+01 7.030161163999092189e+00
-8.930317295030127056e+00 -2.216523643165389501e+01 7.017888180869591430e+00
-1.036987585664350853e+01 -2.058138200316965083e+01 7.001758042971419016e+00
-8.237746515968106920e+00 -2.038006822907240689e+01 6.856964098583634204e+00
-1.142476934793654308e+01 -1.928982278791310279e+01 7.190175463321074822e+00
-6.930042025983214948e+00 -1.904304864704846523e+01 7.128933621672866039e+00
-1.103869072791955119e+01 -1.789173313125644071e+01 6.682320285818752481e+00
-7.514239023782408822e+00 -1.789561049556074224e+01 6.687100390378375891e+00
-9.510119838090075106e+00 -1.690804851549171417e+01 6.430587644219942334e+00
-8.565811778625032957e+00 -1.695991857614946596e+01 6.473780012784983384e+00
-9.444062854713628496e+00 -1.556631860029179215e+01 6.309044964376104403e+00
-8.335144008232965973e+00 -1.563122198343665126e+01 6.087805938968967823e+00
-1.055574030535997387e+01 -1.458643335192080848e+01 6.157107038687611222e+00
-7.709933106759463861e+00 -1.449130917775086758e+01 5.570959856817285782e+00
-9.110232422108911265e+00 -1.354740778992846728e+01 5.441394049301484515e+00
-9.297135567167572390e+00 -1.272141249762954374e+01 6.027625484739177253e+00
-1.016230228949358860e+01 -9.259043480156181616e+00 4.620771404522725057e+00
-8.329927857250822854e+00 -9.301831845132241483e+00 4.526911440898397032e+00
-1.151437750839713914e+01 -5.521049731121522974e+00 4.029986826782548270e+00
-6.637547181459198420e+00 -5.358172058968496465e+00 3.883422075007687546e+00
-8.989112104980261364e+00 -6.338560183794207603e+00 3.556771069380965766e+00
-9.178559818230651146e+00 -1.682975139288922151e+01 1.101841350376471418e+01
