-8.726211693321763718e+00 -2.460169667188155174e+01 8.642650153208119690e+00
-7.996938635095916403e+00 -2.269454991026826107e+01 8.701471396969120420e+00
-1.012637237176768323e+01 -2.259876168299657451e+01 8.971629282781876213e+00
-7.045360335687302467e+00 -1.855704911482381192e+01 1.034413548988589149e+01
-1.077829713990687566e+01 -1.841190188424707230e+01 1.103322977813799177e+01
-7.979347216975882340e+00 -1.734879762082712418e+01 1.133964535027400089e+01
-9.219364264803477482e+00 -1.762374824253718941e+01 1.159691844081636347e+01
-4.408505730069266271e+00 -1.574705723507919153e+01 7.508137363262299857e+00
-1.413845397999539877e+01 -1.573296987080482978e+01 7.658182240554443965e+00
-6.743874605119755117e+00 -1.369408351764427323e+01 1.120184258377641484e+01
-1.156578607427391781e+01 -1.359220872415995807e+01 1.141949611854626667e+01
-3.996577673599452485e+00 -1.267686426734859140e+01 6.568175353907536262e+00
-9.149135465859419725e+00 -1.054267941645549378e+01 1.143860994675397436e+01
-1.453547317096219693e+01 -1.265081647614815274e+01 6.939825015880252579e+00
-5.236562420217913072e+00 -6.912536682054831516e+00 8.337114141967241210e+00
-9.289656274179723283e+00 -7.193621848556120746e+00 1.049174696053323430e+01
-1.282599158008856577e+01 -6.503790548480707479e+00 8.517123900345588083e+00
-5.928037891044331431e+00 -5.429348373374811132e+00 7.871199406351097494e+00
-9.365570303775735184e+00 -4.286494809301662379e+00 9.029800016149739150e+00
-1.262868834863928669e+01 -5.989519967612381812e+00 7.807719958575649599e+00
-9.277117559868477414e+00 -3.529909322920596004e+00 7.088808543188920730e+00
-1.325776902501356957e+01 -7.413074640364362367e+00 5.661662398071006130e+00
-1.381078338936643846e+01 -1.032409153098621424e+01 7.779710817658308741e+00
-1.340394699812701518e+01 -1.008714737941984119e+01 6.817804424740208979e+00
-5.306698129329377345e+00 -7.724400606346522480e+00 5.384635175330026335e+00
-4.418185479265581250e+00 -9.987394297402666155e+00 7.232326448673159547e+00
-4.961604647485646780e+00 -9.793339206051822288e+00 6.364529637473567369e+00
-9.059492671814386000e+00 -2.348943108447055295e+01 6.874661281083966458e+00
-8.879250832166448504e+00 -2.197041507641483449e+01 6.910195148584057812e+00
-9.114399022770921732e+00 -2.119029590996555257e+01 6.851066801271302964e+00
-8.503898024255150290e+00 -2.127458747336151745e+01 7.104678467759300453e+00
-9.814054252423677127e+00 -1.928540259821290448e+01 6.872366921220647740e+00
-7.935327396804194855e+00 -1.988083261994225737e+01 7.115134913430746444e+00
-1.118193936380987985e+01 -1.888301857838077780e+01 7.266541599237988258e+00
-7.292227379388683595e+00 -1.923193912148614970e+01 7.336836412992588485e+00
-1.088020572501375582e+01 -1.756687142586667250e+01 6.959573822130307619e+00
-7.603770885321043949e+00 -1.778548687943726492e+01 6.592144526598239906e+00
-9.850221424211129673e+00 -1.663141998681621914e+01 6.847979507827768764e+00
-8.923478393305121159e+00 -1.671687079353575101e+01 6.813978162744716016e+00
-9.846456454972972949e+00 -1.552932882095199751e+01 6.648168789105011633e+00
-8.610029395306266764e+00 -1.571312477377179206e+01 6.501469642371677793e+00
-1.061933907269998301e+01 -1.407169313207313444e+01 6.305525929584411493e+00
-7.821812439473606382e+00 -1.435703715606938680e+01 6.325724742315430582e+00
-8.939055847384958398e+00 -1.338401118662927658e+01 6.133657057604972707e+00
-9.418301957344551667e+00 -1.260670877833536530e+01 6.475970660336349383e+00
-9.990757417065712076e+00 -9.174814550123329582e+00 5.133106181809823809e+00
-8.352487047801718134e+00 -9.214952772624647181e+00 5.061465896561887945e+00
-1.117086271917801810e+01 -5.554412420066479505e+00 4.766513588946002855e+00
-6.816843224296939674e+00 -5.735298182767415653e+00 4.333870556126967699e+00
-9.030339257697141520e+00 -6.130994774686223892e+00 3.822747753466459564e+00
-8.906547499257225553e+00 -1.661791952858084187e+01 1.075291848534368100e+01
