-8.990354334038347162e+00 -2.429050504733212534e+01 8.966577229263862137e+00
-8.343321242093875156e+00 -2.281297240141257632e+01 9.189588486184110394e+00
-1.017711355819615271e+01 -2.266705651676229394e+01 9.441209379276713776e+00
-7.469713448810547440e+00 -1.832752475087053767e+01 1.071331006386759910e+01
-1.108131044366282936e+01 -1.849368194411687938e+01 1.061582670823809238e+01
-8.689706117440772815e+00 -1.703010184835988383e+01 1.144945384986598214e+01
-1.003634383834501342e+01 -1.695692313718593880e+01 1.144341787269261701e+01
-4.532895355047354968e+00 -1.566218210461187965e+01 7.600592081860765958e+00
-1.405665879878554136e+01 -1.554109069418317191e+01 7.635036346158003973e+00
-6.850711076426780011e+00 -1.405103086438628246e+01 1.107684944578148034e+01
-1.154266929719594970e+01 -1.381297518779064681e+01 1.117792543492666368e+01
-3.945380463227679435e+00 -1.303010974941924260e+01 6.875343666036107138e+00
-9.557017705134725816e+00 -1.086170890039721115e+01 1.155398859519318577e+01
-1.456938565808203734e+01 -1.221308407590612788e+01 7.416839624755571236e+00
-5.325903056036474403e+00 -6.943446060432495237e+00 8.640446481816514535e+00
-9.571435903305868464e+00 -7.095248051474106532e+00 1.067362783621427802e+01
-1.338111988030288835e+01 -7.122741818300793781e+00 8.673224014214888200e+00
-5.637894643194836242e+00 -5.806495616753690747e+00 8.127018932488374148e+00
-9.315406035320867417e+00 -4.627376287615682315e+00 9.459960691380590703e+00
-1.295465576371121941e+01 -6.200862357419310911e+00 7.929495643017820505e+00
-9.073061918058019870e+00 -3.640356043083672777e+00 6.705428875799936961e+00
-1.355718385089000932e+01 -6.913087060347787194e+00 5.971479163715627259e+00
-1.381991926765756240e+01 -1.025437477923110663e+01 8.145379131975865050e+00
-1.351414058310905197e+01 -1.007846971120929780e+01 7.058004203679303146e+00
-4.997573860106535371e+00 -7.694161686060693839e+00 5.871352073939959837e+00
-4.462623298515087100e+00 -1.035180485101260750e+01 7.414826464471583556e+00
-5.056023408981483058e+00 -1.003802038510615446e+01 6.699389539995519449e+00
-9.093656908510780568e+00 -2.369465922543609437e+01 6.792487988524610998e+00
-9.104620244595089673e+00 -2.194869807842227871e+01 7.166063114219026531e+00
-9.364132998865361657e+00 -2.150866908717019044e+01 7.166490783211489024e+00
-8.738557360781586070e+00 -2.141968015980885909e+01 7.226539230212360110e+00
-9.983328069536083760e+00 -2.000774745651420972e+01 7.096995250835774094e+00
-8.060958421221416259e+00 -1.999472192647406388e+01 7.050416240113724697e+00
-1.127108863410863826e+01 -1.893147167117167129e+01 7.251803756278665247e+00
-7.115493430927580576e+00 -1.882128070890801652e+01 7.102276200405742479e+00
-1.105824589432302218e+01 -1.752120772137295290e+01 6.884935359033827140e+00
-7.610868566351244979e+00 -1.751983248329441523e+01 6.662583981730212379e+00
-9.755484694343373064e+00 -1.650151191241121040e+01 6.681196028668690445e+00
-8.854409129346720420e+00 -1.641810944966903563e+01 6.784455724205942673e+00
-9.939585050506398289e+00 -1.538012292064822795e+01 6.396040682111408415e+00
-8.791397693225713184e+00 -1.514973165374243536e+01 6.317636788451487462e+00
-1.090800285948521164e+01 -1.438080058316420207e+01 6.058627336211465320e+00
-7.951360626863412051e+00 -1.414966751976800374e+01 5.889305234175690629e+00
-9.350310476968177298e+00 -1.364920312480270326e+01 5.899673436465366905e+00
-9.403154248392937120e+00 -1.277154506244945509e+01 6.414916321589551274e+00
-9.845355852527148954e+00 -9.470837386627893650e+00 5.392215876713123635e+00
-8.515706360630490579e+00 -9.602512664135655740e+00 5.282567278500279073e+00
-1.134674560215620076e+01 -5.880212911471973669e+00 4.720849989673486569e+00
-7.157704974727307601e+00 -5.712522291521597850e+00 4.506866867910663821e+00
-9.077922414432507026e+00 -6.344921691186722335e+00 4.033562966158259933e+00
-9.190908792481332412e+00 -1.632310573606154946e+01 1.104661411814388572e+01
