-9.104733526346731054e+00 -2.362858778350956257e+01 9.858732431213789837e+00
-8.046874449075668068e+00 -2.204703597228632006e+01 9.498105524502202357e+00
-1.016870909658071476e+01 -2.219049768674999967e+01 9.788855098979901470e+00
-7.379747369652771560e+00 -1.822835536072594564e+01 1.058376551983185898e+01
-1.039931953144274779e+01 -1.803814189795638256e+01 1.103127773531397438e+01
-8.383763306743080790e+00 -1.705939438474496228e+01 1.131258714746281058e+01
-9.281983152305201656e+00 -1.707982342310269885e+01 1.139003827412583369e+01
-4.028409309025068552e+00 -1.598182152620224628e+01 7.719567580162536302e+00
-1.434489566132075211e+01 -1.589863058073891544e+01 7.608278133908812357e+00
-6.496013629570775549e+00 -1.411321100970872600e+01 1.116134402343144494e+01
-1.168136272484845684e+01 -1.408216491979075258e+01 1.146440126458890951e+01
-3.550639006264021624e+00 -1.290406493638701058e+01 6.659614911376756652e+00
-9.626186554593026301e+00 -1.037202754698859408e+01 1.178979697327222098e+01
-1.490914534344354436e+01 -1.285695482470597284e+01 6.638141687845472205e+00
-4.774941069757378642e+00 -6.974573832276101726e+00 8.527743535594016322e+00
-9.213510603109273944e+00 -6.741323691810727325e+00 1.082084406549130051e+01
-1.359623306893283434e+01 -6.817122347220081480e+00 8.431027401097903606e+00
-5.618609905302498930e+00 -5.307743631284009389e+00 7.935210902154874013e+00
-9.481675568773926699e+00 -4.284482422721861639e+00 9.418984828762868133e+00
-1.321045879314291049e+01 -6.035508112281336324e+00 7.447719825331570398e+00
-9.106417408141490810e+00 -3.560568093428240211e+00 7.241484698137738540e+00
-1.383967368202433867e+01 -7.471198927135309198e+00 5.921768716299919966e+00
-1.410216671310030989e+01 -1.048343163864974770e+01 7.812842882613255213e+00
-1.373680429502756262e+01 -1.031845148802608492e+01 6.650581472436690511e+00
-4.762202803204006685e+00 -7.447330472080237129e+00 4.999612781534132466e+00
-4.311793144258013299e+00 -1.012460903219315256e+01 7.386983486569874913e+00
-4.723822056301624883e+00 -9.982674354175292919e+00 6.164469728746290400e+00
-9.095355225454440529e+00 -2.389461421880028169e+01 7.442531825419521851e+00
-9.039515608364544264e+00 -2.258771482742761805e+01 7.233768666925587176e+00
-9.319778349014299579e+00 -2.184484922636004356e+01 7.061582007902308611e+00
-8.755610938562565337e+00 -2.186854279688140679e+01 7.139803619239621923e+00
-1.009554256273366590e+01 -1.986349916036494179e+01 7.240444883090218831e+00
-8.068533507758694157e+00 -2.017618794998524479e+01 7.095150375431317435e+00
-1.126043757122207012e+01 -1.891743750754674736e+01 7.457553139674043763e+00
-7.146565866768408881e+00 -1.897900894530459226e+01 7.518200036230262562e+00
-1.061223412060045490e+01 -1.778162639980530102e+01 6.941230890232359840e+00
-7.766796200523316429e+00 -1.762018693198383801e+01 6.679401577383186961e+00
-9.560938742094720055e+00 -1.676991088810063246e+01 6.869585997090918994e+00
-8.841030871717313389e+00 -1.676784173652435328e+01 6.855988547771481478e+00
-9.685227647887918678e+00 -1.545264087774084238e+01 6.500853950779295509e+00
-8.480507708212897455e+00 -1.584019713055375256e+01 6.404290399535382150e+00
-1.052597665421404116e+01 -1.396200350524899747e+01 6.133884140555733389e+00
-7.490552526733017302e+00 -1.468987893569742553e+01 6.030936955282889755e+00
-8.609832282529053415e+00 -1.357391885426069500e+01 5.874347864315195622e+00
-9.105845994900327867e+00 -1.270539647316838661e+01 6.289581127374003877e+00
-1.023028571563950351e+01 -8.803590431255344129e+00 4.792094245381723461e+00
-8.415011954406953265e+00 -8.694258192062781276e+00 4.883369121769596255e+00
-1.127529949629379225e+01 -5.681727910852251817e+00 4.212570901149350178e+00
-6.997653345797846036e+00 -5.740417239797772631e+00 4.092299610441533453e+00
-9.218890838416559319e+00 -6.288489409316651901e+00 3.271550434610313474e+00
-9.226014072696401058e+00 -1.578500191436416600e+01 1.099290385478437670e+01
