-8.903936992659462035e+00 -2.461076857605007362e+01 9.183103865121205800e+00
-7.850951139550548241e+00 -2.296336318355986705e+01 9.140087293466660157e+00
-9.997412189331543075e+00 -2.243129184973421175e+01 9.506633909872844512e+00
-7.444609334984189530e+00 -1.891067118294934346e+01 1.108978344051003972e+01
-1.072399451706136020e+01 -1.901006463872957042e+01 1.103506725711149450e+01
-8.629054871359388201e+00 -1.756325039128701349e+01 1.145343648834689532e+01
-9.750178391247382947e+00 -1.758609454608492939e+01 1.164088188604274166e+01
-4.243134248779268702e+00 -1.601778637246759374e+01 7.592243813246394524e+00
-1.408295102979290903e+01 -1.627712449062592626e+01 7.689056829447019403e+00
-6.736499693051905879e+00 -1.376741077082192533e+01 1.137098856436473859e+01
-1.158453157219553198e+01 -1.373069835773849512e+01 1.137783757365684068e+01
-3.584110073096504756e+00 -1.276924929127897634e+01 6.633615874736871199e+00
-9.287612811716986272e+00 -1.059899696501782529e+01 1.166589324682179907e+01
-1.492098889436062947e+01 -1.299449963757395743e+01 6.655128723522334866e+00
-4.972785692674738023e+00 -6.608620617265031250e+00 8.623610962934398216e+00
-9.446891006628105103e+00 -6.914740774461523465e+00 1.054289371155244837e+01
-1.354010219908779611e+01 -7.155837689030207116e+00 8.882403042639571922e+00
-5.364316733506024448e+00 -5.101132491274259273e+00 7.976083062519442990e+00
-9.139272693519101765e+00 -3.700917371767717956e+00 9.220701167529432141e+00
-1.323726130164060955e+01 -5.669048943305150523e+00 8.187068501677112309e+00
-9.354710374599507716e+00 -2.959844607326649779e+00 6.448035015856835805e+00
-1.366800794503968852e+01 -7.177339597782959046e+00 5.499392715330374770e+00
-1.417484576984264955e+01 -1.014931840519102657e+01 7.743749658334708741e+00
-1.383645147058369140e+01 -9.546995989443484376e+00 6.814528777609490717e+00
-4.558093521376841650e+00 -7.268117284947370749e+00 5.898229400882999407e+00
-4.305547135631909050e+00 -1.042121213933233292e+01 7.917698380010902426e+00
-4.756836803919884282e+00 -1.007699600338407464e+01 6.709559242400509937e+00
-8.891594551399997215e+00 -2.459898188868395152e+01 6.920880698404939579e+00
-9.280964027586572129e+00 -2.266496586200645424e+01 6.879849614834140148e+00
-9.616276154137530341e+00 -2.190275102202110702e+01 6.787457932759189738e+00
-9.002477242187559625e+00 -2.181929862674290632e+01 6.724441471618896493e+00
-1.003009755754504972e+01 -2.026051415137352407e+01 6.521081859962673200e+00
-8.011997190163731020e+00 -1.972441998103830230e+01 6.560556385240342792e+00
-1.117088287670321733e+01 -1.941936897176248777e+01 6.468789907027169939e+00
-6.808697824622141681e+00 -1.896763970311813807e+01 6.718842719428756993e+00
-1.087707296871008467e+01 -1.804072120351450437e+01 6.404861359557169287e+00
-7.468919271189141007e+00 -1.780454344533965738e+01 6.404894350724234187e+00
-9.647076190167917176e+00 -1.689585301549268337e+01 6.536952196167100659e+00
-8.741213459786060014e+00 -1.692564823512768868e+01 6.497270439641221529e+00
-9.819159084001128690e+00 -1.555402866228742020e+01 6.307390500318474480e+00
-8.630918310977387264e+00 -1.556993379393937360e+01 6.085996113186808110e+00
-1.090664494219202396e+01 -1.449880802198041785e+01 5.966534702327404460e+00
-7.838214576290635449e+00 -1.437945935630927963e+01 5.779162549340401966e+00
-9.648158837265063070e+00 -1.380822237895718274e+01 5.687375951577336330e+00
-9.482625987185413052e+00 -1.278172822844259571e+01 6.252402183887518561e+00
-9.819501103436746092e+00 -8.942379698866453452e+00 4.593621022125337738e+00
-8.528376683633807076e+00 -9.040528672756655837e+00 4.752655019721172991e+00
-1.156219113743719973e+01 -5.484225233950017042e+00 4.275840116066782493e+00
-6.819389655016593998e+00 -5.543776793344507681e+00 4.010913840708194122e+00
-9.304511253929304004e+00 -6.209637851126529107e+00 3.603895565668470802e+00
-9.285069765876373893e+00 -1.667811515401091427e+01 1.115794071199048432e+01
