-8.911040763459967096e+00 -2.515283820129310755e+01 9.025318840805665488e+00
-7.860198444590200673e+00 -2.317759966205213118e+01 9.003152895004964407e+00
-1.005617914490878029e+01 -2.289861492306448199e+01 9.309413390058768556e+00
-7.038532329603359727e+00 -1.849273495705318382e+01 1.066126646040660830e+01
-1.089687808834715099e+01 -1.833419253215457445e+01 1.117529319454087400e+01
-8.262942253606521348e+00 -1.761732087659516921e+01 1.156719684843485041e+01
-9.648747590963726140e+00 -1.753791658279282828e+01 1.171785754264079316e+01
-4.379644858961231790e+00 -1.637744578233444770e+01 8.103679980077046707e+00
-1.424027457827350496e+01 -1.604557488326424419e+01 7.819408671901360464e+00
-6.785702844772290909e+00 -1.366957326975268217e+01 1.151662342690833540e+01
-1.131169043280152486e+01 -1.348601177805299400e+01 1.167445245610977622e+01
-3.677890449351475244e+00 -1.359010459685546834e+01 6.764479966438660341e+00
-9.299667038242860784e+00 -1.074901800117495121e+01 1.152818326471938803e+01
-1.486813710851310866e+01 -1.283898655140696476e+01 6.949028631947239631e+00
-4.960342339728151195e+00 -6.702653605140341142e+00 8.403175481529665092e+00
-9.504553728778434518e+00 -6.867425794422006291e+00 1.057217414729494820e+01
-1.346232679740725757e+01 -6.645653015955222287e+00 8.376115195398746494e+00
-5.667898291162178914e+00 -5.326351883411193811e+00 7.925218434591501548e+00
-9.371146201013193178e+00 -4.265047832441622333e+00 9.164966155409723925e+00
-1.308924872068192968e+01 -5.764879874753675359e+00 7.461834912083538107e+00
-9.115021385572843471e+00 -3.365473240029191793e+00 7.325151481822377519e+00
-1.378011150532140938e+01 -7.331587228964495218e+00 5.934511804790176370e+00
-1.389401725058447923e+01 -1.064518225945849395e+01 7.943801470500541306e+00
-1.357093847693745303e+01 -1.017831664486565657e+01 6.645598612145989570e+00
-5.051355392431007729e+00 -7.575575224306007271e+00 5.208538893921144108e+00
-4.315262587041133635e+00 -1.026104530325261521e+01 7.710473002753225558e+00
-4.627987535710404998e+00 -1.004194156152884432e+01 6.798376269781032377e+00
-9.216920073998903007e+00 -2.431356054910452613e+01 6.582692420786814047e+00
-8.918134064986265486e+00 -2.280056043036444535e+01 7.046989534612809081e+00
-9.133211177957379689e+00 -2.208016804459335347e+01 7.118544652120032623e+00
-8.618233984080061916e+00 -2.215307564048411848e+01 7.279418963393695208e+00
-9.737630767500043305e+00 -1.990564836862721165e+01 7.042408702850972091e+00
-8.074242801893602106e+00 -2.036083881525444284e+01 7.276697561064644049e+00
-1.109033472593267788e+01 -1.910516791799204839e+01 7.325840673356954547e+00
-7.314985449656937533e+00 -1.939679593820886083e+01 7.501165110813215797e+00
-1.088038697040074076e+01 -1.772401579783259962e+01 7.347206810464152582e+00
-7.760320834367648857e+00 -1.783617001404103064e+01 6.919939865100003473e+00
-9.884459645650787607e+00 -1.663936167343541683e+01 7.164823691070248302e+00
-9.036357501737953157e+00 -1.671736501378123663e+01 7.120996425275071928e+00
-9.788100670109702861e+00 -1.532191723840700526e+01 6.579539866595494502e+00
-8.460129299720167140e+00 -1.564407385053916322e+01 6.530109369788959839e+00
-1.084458987827515486e+01 -1.400851441510655526e+01 6.204313458652823243e+00
-7.685233371867112417e+00 -1.447944500735185613e+01 6.092646332759177774e+00
-9.153319451773201720e+00 -1.352843840700393940e+01 6.077524434393909658e+00
-9.417266292007527184e+00 -1.264163741124004225e+01 6.442394495854355085e+00
-1.023885946506143085e+01 -9.094271747782403992e+00 4.868527402101060275e+00
-8.415676075289853841e+00 -8.842840483979927058e+00 5.139433679516299591e+00
-1.158843291856656954e+01 -5.232443781626504808e+00 4.586842527764220634e+00
-6.759966590929867181e+00 -5.521072312043343366e+00 4.051321840112086292e+00
-9.238304017185452466e+00 -6.047272665733895991e+00 3.716030751729657577e+00
-9.224966444171062818e+00 -1.659907533831832893e+01 1.110643989111912511e+01
