-8.868705463680432999e+00 -2.444738590812205103e+01 9.402555461604036324e+00
-8.195660570142514700e+00 -2.271576090945864124e+01 9.516251601181792807e+00
-1.025500848522255204e+01 -2.218106537290936231e+01 9.756519694778802432e+00
-7.253806644452358121e+00 -1.857825731597342767e+01 1.092694017727221478e+01
-1.091837485135047636e+01 -1.907807077877799884e+01 1.092589540619803756e+01
-8.226570544044033539e+00 -1.777405670659324599e+01 1.165965445233662123e+01
-9.847853011984600613e+00 -1.802662267245978711e+01 1.170639422667746921e+01
-4.373969915345679027e+00 -1.620942996937811387e+01 7.970125477767058264e+00
-1.440292358708963505e+01 -1.558468917200681148e+01 7.753893049425246708e+00
-6.761827740518778995e+00 -1.396347692132289531e+01 1.150551448768867147e+01
-1.192916747360100871e+01 -1.377629309720772355e+01 1.154060003013515789e+01
-3.779176856486646585e+00 -1.265986278865390702e+01 6.722137090454449293e+00
-9.143704970403993215e+00 -1.048446166256673706e+01 1.189109554262202550e+01
-1.476163797367773434e+01 -1.281916198452256417e+01 6.824147112346500954e+00
-4.919596413568879001e+00 -6.435155242607995874e+00 8.425790617194344634e+00
-8.953689086064583691e+00 -6.718095770538036859e+00 1.092701056897179157e+01
-1.330382403195932994e+01 -6.193981926589154696e+00 8.746571415723989773e+00
-5.381521887774011859e+00 -5.108119559276293131e+00 7.881071375873097473e+00
-9.124690661828857685e+00 -3.775989024344961642e+00 9.273851449917941636e+00
-1.316067511573458049e+01 -5.565221873107880413e+00 7.955852485370519922e+00
-8.998353003361323488e+00 -3.166413749087393370e+00 6.193407161631437674e+00
-1.381701693941199949e+01 -7.254076135266300795e+00 5.379842640197372461e+00
-1.414123332788751419e+01 -1.011107210383410404e+01 8.042782402821305965e+00
-1.381432763958878596e+01 -9.404323310585041895e+00 6.840193623674664991e+00
-4.505492071729596759e+00 -7.285788681746581119e+00 5.390164431058933836e+00
-4.338005782471225480e+00 -1.052670861976920058e+01 8.315070925316884853e+00
-4.550005194710677436e+00 -9.876109115724606369e+00 7.005776356432954266e+00
-9.054715991216321314e+00 -2.408460420911612943e+01 6.961085828684008270e+00
-8.880857459568591850e+00 -2.238940863563101047e+01 7.100448257030617327e+00
-9.222959536347646647e+00 -2.180679631566060550e+01 7.009599680920938880e+00
-8.721111122597179133e+00 -2.197183124194419079e+01 6.996281406992496343e+00
-1.012976141728690749e+01 -2.042592822007243925e+01 7.023965156903999585e+00
-8.254844712509072480e+00 -2.036354305692847433e+01 6.839504308050623926e+00
-1.130743228735411066e+01 -1.913267530431675567e+01 7.301980603397774772e+00
-7.249867527808147472e+00 -1.889032035574693325e+01 7.236154139779362282e+00
-1.104760665706290368e+01 -1.760651673687987540e+01 6.864486763253022872e+00
-7.767398421027603916e+00 -1.740253497434549956e+01 6.928768070223900288e+00
-9.981500377665753376e+00 -1.630640265320833748e+01 6.789801177468136828e+00
-9.029370284368175348e+00 -1.620739962166250336e+01 6.894090797459504927e+00
-1.008225729129526904e+01 -1.509780948474426054e+01 6.419624204547398350e+00
-8.700402600210894732e+00 -1.486472176910303133e+01 6.261229493564997917e+00
-1.103097078624132443e+01 -1.448909386600890059e+01 6.146656429288215762e+00
-7.734922435323768219e+00 -1.417625978626949035e+01 5.783898393260681559e+00
-9.341346632258989757e+00 -1.353946017028441418e+01 5.902317885222488236e+00
-9.496241558262431326e+00 -1.296579420932396687e+01 6.359036029122194122e+00
-1.011771795165857490e+01 -9.156762736813400139e+00 4.634317123551909390e+00
-8.169282197831886805e+00 -9.135312913955376146e+00 4.681823142934193882e+00
-1.139355658878716326e+01 -5.680151297515394937e+00 4.006773577861373781e+00
-6.894696854610639747e+00 -5.838854724042747968e+00 3.745597067905540811e+00
-9.021944495346080117e+00 -6.346887604382390080e+00 3.574202262582435452e+00
-9.169259887874378734e+00 -1.695404998892674797e+01 1.149181954508934034e+01
