-9.061521331735983509e+00 -2.476600904635478173e+01 9.669023229146636922e+00
-8.021301682415080236e+00 -2.310943560946492070e+01 9.584204939747580809e+00
-1.037718297362497566e+01 -2.267564933874753663e+01 9.823216729398307479e+00
-7.326106355635828571e+00 -1.895052845843787281e+01 1.108991217398155982e+01
-1.107840611893209015e+01 -1.882741563487277858e+01 1.114664632530001853e+01
-8.434716214742948637e+00 -1.775695585533238585e+01 1.178973375762614495e+01
-9.963326887072923910e+00 -1.773065251878329462e+01 1.188291798767350826e+01
-4.449021750669266417e+00 -1.631793640126144496e+01 7.716571554373621744e+00
-1.428154825408562267e+01 -1.580338003738124897e+01 7.591191408667829599e+00
-6.842391875085402475e+00 -1.401112132986251346e+01 1.124348605959760938e+01
-1.133571154430239147e+01 -1.412944760137800415e+01 1.142771825999934876e+01
-4.141283935917639880e+00 -1.273699794071285041e+01 7.510497650700679095e+00
-9.362787662224713259e+00 -1.000603923836109921e+01 1.137491230155919197e+01
-1.478722744760720431e+01 -1.245795938295541383e+01 6.906100098562411915e+00
-5.362495315373218219e+00 -6.770742090883041797e+00 8.393847054054237589e+00
-9.255802618094755019e+00 -7.240275027334305946e+00 1.066456742832969340e+01
-1.313276950421323797e+01 -6.626485399169770751e+00 8.553056852931279153e+00
-5.744654428163962656e+00 -5.251572973622177898e+00 7.807975731254368945e+00
-9.347542501507787094e+00 -4.070472684356460924e+00 9.203470615066443372e+00
-1.306380388009531757e+01 -5.682349296051313559e+00 7.614491603483804383e+00
-8.935510657614251784e+00 -3.153143879233261782e+00 6.505056794207343174e+00
-1.369920544473070123e+01 -6.748928022913617042e+00 6.216361473699193674e+00
-1.382192470765496317e+01 -1.016572820404197586e+01 7.935524578139134810e+00
-1.340219279524555951e+01 -9.581149411891502155e+00 6.981194535834970516e+00
-4.814545063163674143e+00 -7.420785034943578218e+00 5.808441579710954983e+00
-4.621799071030160633e+00 -9.995266537973364507e+00 7.901051188761134547e+00
-5.154522346117513365e+00 -1.000600593291382268e+01 7.131236139388274609e+00
-9.173276988716349223e+00 -2.440091499703736133e+01 7.354995419371283205e+00
-8.954133014217088515e+00 -2.277801467615365283e+01 7.130410351126620583e+00
-9.303847292564377369e+00 -2.203575678325256249e+01 7.131705306984960302e+00
-8.787474171875439666e+00 -2.200249402910400676e+01 7.086351432492587143e+00
-1.020306393468828432e+01 -2.017985861225032096e+01 7.279694304132940275e+00
-8.301037734665152712e+00 -1.982285264296659122e+01 7.059176253357224873e+00
-1.141053586039412870e+01 -1.929511624226807953e+01 7.372617967189038168e+00
-7.236943605439754457e+00 -1.905322089955524945e+01 7.187842192838102662e+00
-1.103125158444514042e+01 -1.776774887130919112e+01 6.960479358649481973e+00
-7.723414289453056192e+00 -1.773428265181567554e+01 6.882757642888503113e+00
-9.895563952979372857e+00 -1.664996819861198674e+01 7.016531161485183965e+00
-9.033873862556109913e+00 -1.672106710453481782e+01 7.113676812107063263e+00
-9.925164389726528924e+00 -1.530814914848797059e+01 6.663883359953446828e+00
-8.813407530029625292e+00 -1.539683715696152611e+01 6.614317393144923507e+00
-1.085559394657785148e+01 -1.438163122075081546e+01 6.237862328836847325e+00
-7.944108092765787887e+00 -1.426725726500257352e+01 6.063782753685308613e+00
-9.393970626797768730e+00 -1.345306222220231085e+01 6.105022479642807198e+00
-9.427423973757436571e+00 -1.226188298681267241e+01 6.515007309881003295e+00
-1.014292375050382944e+01 -9.246030012206695403e+00 5.243918591165087406e+00
-8.787990928937787771e+00 -9.189375164657191064e+00 5.239228672226652783e+00
-1.141934702978778482e+01 -4.954636804330343480e+00 4.589908876093076628e+00
-7.067968739682896739e+00 -5.552430249820817565e+00 4.500142262878055632e+00
-9.106108997941728234e+00 -5.680241039996547947e+00 3.943785597339668492e+00
-9.275694039303468585e+00 -1.687882000319325115e+01 1.122699146103876799e+01
