-8.894781203510914835e+00 -2.484743873700799455e+01 9.277892577003944652e+00
-7.925879455671914542e+00 -2.325089906609832369e+01 8.800903266906381361e+00
-1.005472363888508447e+01 -2.332733344310677026e+01 9.404264504564908478e+00
-7.199108520950913359e+00 -1.908171109358610451e+01 1.035720476221277409e+01
-1.092079523634953375e+01 -1.867156293158468472e+01 1.086158456439610198e+01
-8.154692722123678905e+00 -1.778644156676701016e+01 1.134146860288845637e+01
-9.787196795765268575e+00 -1.780946954946889349e+01 1.148798662109688884e+01
-4.375593674591081061e+00 -1.626902400647795943e+01 7.670607369214941684e+00
-1.434046731929613472e+01 -1.585893770451740714e+01 7.515736590372764425e+00
-6.602333422624820258e+00 -1.388151906643941480e+01 1.117540564903076117e+01
-1.191812341960397958e+01 -1.393645588096765131e+01 1.129631749554753384e+01
-3.675295683647103129e+00 -1.303255217747132910e+01 6.544603889771283711e+00
-9.284129631576396591e+00 -9.781388567885690222e+00 1.135579324844282212e+01
-1.488076863067327160e+01 -1.282309203687527166e+01 6.740662852935980887e+00
-5.000135058363175844e+00 -6.457157803484147252e+00 8.494989390325930145e+00
-9.493083039530588962e+00 -6.916317594943487634e+00 1.052721232520544525e+01
-1.335750602152619315e+01 -6.772742998202083697e+00 8.225927009448914973e+00
-5.723193066293209341e+00 -5.026445350551723479e+00 8.182287760333231574e+00
-9.511028062413419804e+00 -4.274971735845467080e+00 9.388544976263577979e+00
-1.282701485724559731e+01 -5.698934073627357044e+00 7.470531319324925867e+00
-8.815814646331970650e+00 -3.219728491563665251e+00 7.282301392683775632e+00
-1.353648386256168479e+01 -7.502791250726393635e+00 5.439645098793585376e+00
-1.419243402595064119e+01 -1.016594750335324093e+01 7.826101610986674117e+00
-1.370884549059732294e+01 -9.977590603068158259e+00 6.501591641103690478e+00
-4.828494010915551193e+00 -7.337368853167183680e+00 5.401270602641606189e+00
-4.084829835707722623e+00 -9.955043407634741826e+00 7.534137117665990147e+00
-4.691970299109240905e+00 -9.837291589626397936e+00 6.382268010475097952e+00
-9.274070045644776883e+00 -2.447491236213810595e+01 6.727959509523937953e+00
-8.888957692450871306e+00 -2.321268366335747402e+01 6.634608697997654403e+00
-9.164368316201274567e+00 -2.238681113161693759e+01 6.782444521795312653e+00
-8.579490581542707162e+00 -2.243209692396239063e+01 6.914141592922383950e+00
-9.915176175832774774e+00 -2.026392575263627549e+01 7.024785482331470376e+00
-8.083013281298555341e+00 -2.041096991323263765e+01 7.058958729339988025e+00
-1.098291008747459507e+01 -1.935675356816312487e+01 7.074128436575518819e+00
-7.038261276888713169e+00 -1.936544269774102744e+01 7.265671745673007997e+00
-1.084634876167359252e+01 -1.773280277493510226e+01 6.953201056489525023e+00
-7.740360097911286985e+00 -1.786216367527962490e+01 6.660308835928884896e+00
-9.965671752840300712e+00 -1.683648579152362146e+01 7.077383290192370779e+00
-9.153500086880999476e+00 -1.692925492591967895e+01 6.971547817280081105e+00
-9.827063794850294798e+00 -1.546682865006270902e+01 6.804997312050801384e+00
-8.671073016835940450e+00 -1.580053496115245615e+01 6.445437649859107054e+00
-1.081898548706542940e+01 -1.389981339537197336e+01 6.513577827890744132e+00
-7.908987191134268180e+00 -1.435890029348725250e+01 5.935893671927126469e+00
-9.283730825763958805e+00 -1.347645180860180858e+01 6.061320666787855416e+00
-9.770767940016490627e+00 -1.262409384947213731e+01 6.479093893058275988e+00
-9.981990824776005411e+00 -8.498496603625030232e+00 4.790616362520635718e+00
-8.423974719913431386e+00 -8.393530212181561367e+00 4.896876025872059834e+00
-1.147134141567673460e+01 -5.537937157869454730e+00 4.478532665546858915e+00
-6.734988203674356910e+00 -5.227662978352645595e+00 4.036460941077583797e+00
-9.281477646060992015e+00 -5.750240626175766145e+00 3.445904634763620855e+00
-9.240362223708864065e+00 -1.679523753787237084e+01 1.066493010937988650e+01
