-8.805362318588025872e+00 -2.549866974795657981e+01 9.132262353866357429e+00
-7.813750256083571877e+00 -2.343279966060022801e+01 8.975606985298323792e+00
-1.011899737874296257e+01 -2.351124426009848634e+01 9.375797284240555030e+00
-7.315962867632310740e+00 -1.894219356891425932e+01 1.110330322965003269e+01
-1.077944636742961038e+01 -1.878127357462738800e+01 1.136482487421720400e+01
-8.368147399549814125e+00 -1.796193203002154704e+01 1.173524996089200201e+01
-9.634054163884680833e+00 -1.812183144512465560e+01 1.170009186550687019e+01
-4.079008819126580754e+00 -1.636575859746960759e+01 8.084348545789337592e+00
-1.451083763584571251e+01 -1.557424145771867607e+01 7.804264091897653799e+00
-6.646472616010999701e+00 -1.375399432149253975e+01 1.102497822752857815e+01
-1.135150791909339318e+01 -1.392073649491286602e+01 1.138947754962190118e+01
-3.388476122418852210e+00 -1.354796136072115686e+01 6.636786637582352100e+00
-9.312749348920664971e+00 -1.022706256100941680e+01 1.131090673875218755e+01
-1.509925310659135356e+01 -1.300209198006556832e+01 6.767688494044140413e+00
-4.883330665742341203e+00 -6.584750246192551337e+00 8.403532035073791207e+00
-9.641279557104512676e+00 -6.716930111425604366e+00 1.050399905457464378e+01
-1.338775188470374289e+01 -6.370024747948753507e+00 8.310638192152229209e+00
-5.401106127345673080e+00 -5.112395472904745830e+00 7.941136251635864340e+00
-9.439918471818806722e+00 -3.802370773669154769e+00 9.388330084959282118e+00
-1.319647627641047904e+01 -5.510856764586508305e+00 7.253971741990707933e+00
-9.208596329410786652e+00 -3.051079018542033339e+00 7.151917387584946439e+00
-1.379305002687979353e+01 -7.297496361733937675e+00 5.569938450251640916e+00
-1.398179003780387575e+01 -1.025161656743138749e+01 7.663867777702559891e+00
-1.361460867673445918e+01 -1.009679887183163238e+01 6.536384617089133542e+00
-4.862874849076721517e+00 -7.358591020495135915e+00 5.217506697651389302e+00
-4.171089103687000588e+00 -1.020137699171642076e+01 7.488222608527774327e+00
-4.741629100129430618e+00 -9.980312381960366963e+00 6.310085210733048733e+00
-9.162145548230125058e+00 -2.486299754096902959e+01 6.705460891934183820e+00
-9.008641951125390790e+00 -2.301021731151351091e+01 6.881174741689762620e+00
-9.304164301100632528e+00 -2.218921833360135309e+01 6.836169176078638721e+00
-8.635991735169895378e+00 -2.215512049497939273e+01 6.860749450745921685e+00
-1.008041787714042314e+01 -2.025051146909305189e+01 6.906488865589519577e+00
-8.069042719161910071e+00 -2.046192752765436040e+01 6.765087121597423092e+00
-1.141864203630030872e+01 -1.935190702745769542e+01 7.226329978998032644e+00
-7.070325551873617442e+00 -1.955948415766277293e+01 7.314221975151959043e+00
-1.099136056104147130e+01 -1.797063671420232822e+01 7.018497429446088454e+00
-7.663731789673867034e+00 -1.820578297627350395e+01 6.743018001092970337e+00
-9.781339771894415946e+00 -1.704467282990530919e+01 6.883869652525078209e+00
-8.916349727765714661e+00 -1.712100220046286125e+01 6.871270940886029521e+00
-9.591614238479762022e+00 -1.557422643730537892e+01 6.449704862901533886e+00
-8.250531986454976874e+00 -1.583046288138218216e+01 6.241771019386023411e+00
-1.072455283104440227e+01 -1.413182802866536036e+01 6.183541085871768317e+00
-7.359173517418767574e+00 -1.451553654970149410e+01 5.737546819205660675e+00
-8.786521972654679047e+00 -1.355437991567767675e+01 5.806264951322083867e+00
-9.314857947947089656e+00 -1.287242413489679116e+01 6.405529945487913324e+00
-1.013285223760480314e+01 -8.723942800434491218e+00 4.613354191183266728e+00
-8.615518307234736994e+00 -8.640489477942054464e+00 4.796449987887877242e+00
-1.130740425214223421e+01 -4.909671032391213608e+00 4.451346244868955360e+00
-6.527928247590967459e+00 -5.643273746696999105e+00 4.147535890234207656e+00
-9.433337451031199805e+00 -5.261972673559153435e+00 3.285122930419762444e+00
-9.051125590928107201e+00 -1.703943801460887997e+01 1.110694338234212708e+01
