-9.182479709110841881e+00 -2.362441039782329355e+01 9.086913082063832192e+00
-8.045540765838520514e+00 -2.206217779442964755e+01 9.395622338021826891e+00
-1.012687352763454030e+01 -2.215206278957693442e+01 9.626037523639151772e+00
-7.275304051934181615e+00 -1.826397072424916601e+01 1.086490517561397162e+01
-1.109126071685007631e+01 -1.817791040343094267e+01 1.080624658231827517e+01
-8.316909462002630704e+00 -1.709178408491126788e+01 1.145822760002600837e+01
-9.869184961641673581e+00 -1.695049005064917225e+01 1.141869620722839151e+01
-4.340245198356959655e+00 -1.570087065540788807e+01 7.547528427903041681e+00
-1.399090485544426876e+01 -1.597515508896938385e+01 7.738177776578939238e+00
-6.943041759839988281e+00 -1.394339027112937046e+01 1.145620995967264477e+01
-1.171803240853333072e+01 -1.378185022160486284e+01 1.120837928424026586e+01
-3.906890496698589565e+00 -1.332923687115994760e+01 6.652334368962844913e+00
-8.872128334422452411e+00 -1.080869759094315796e+01 1.171639165903539492e+01
-1.461597422517258771e+01 -1.257624073488346994e+01 6.778299463833290517e+00
-4.994712665658504136e+00 -7.078452441797402628e+00 8.616712120897304317e+00
-9.353009797398403435e+00 -7.191340838957055226e+00 1.074669169860198181e+01
-1.352041757073289219e+01 -7.162724706365092509e+00 8.713842179594298187e+00
-5.507566042583601273e+00 -5.640026852104712773e+00 8.156963477708437438e+00
-9.202509037299416050e+00 -4.264520599174071336e+00 9.313758960757477112e+00
-1.324021349033608708e+01 -5.960505250147401846e+00 7.866905464282264226e+00
-9.604814573754632434e+00 -3.839378929410264263e+00 7.053409816466811755e+00
-1.381651909821519553e+01 -7.486145712180452882e+00 6.140817439309482317e+00
-1.393106270123715262e+01 -1.035623595255949425e+01 8.072358138420774765e+00
-1.359531343662537139e+01 -9.968744994288218919e+00 6.900736565910037257e+00
-4.687133558854075233e+00 -7.681064592423540560e+00 5.664895984979186672e+00
-4.356861079890899546e+00 -1.027719869604841563e+01 7.948209557532154079e+00
-4.727238397418644489e+00 -9.848605758364815443e+00 6.925788566832693505e+00
-8.904173769083961076e+00 -2.336579631661481216e+01 7.087465978260191868e+00
-8.755627072626147367e+00 -2.151701617293796787e+01 7.102754349904044417e+00
-9.144530332627123670e+00 -2.091369213176701436e+01 7.023616105520041231e+00
-8.640952006598155322e+00 -2.097086449448480749e+01 7.018293934281492064e+00
-1.031889088187334380e+01 -1.983556600716783791e+01 7.003264593473774724e+00
-8.450738634342279454e+00 -1.967693246367054272e+01 7.014216342828739847e+00
-1.147504635446025745e+01 -1.901438076045216619e+01 7.069848231016488072e+00
-7.048296928744991696e+00 -1.899137556741434807e+01 7.156993660805341051e+00
-1.120636922930522950e+01 -1.755128780638403185e+01 6.844014802427388133e+00
-7.745090672951904232e+00 -1.768318615354087342e+01 6.784092626196054354e+00
-9.955424003092822716e+00 -1.640367587152839590e+01 6.662129197871395014e+00
-9.113422146216020536e+00 -1.647225658935701276e+01 6.792264813841820015e+00
-9.843408198720874580e+00 -1.519869499167468163e+01 6.399721589634467023e+00
-8.667953855097817240e+00 -1.518508584767126912e+01 6.416878729849297081e+00
-1.080756071203280655e+01 -1.443452266152497820e+01 6.055801787837527428e+00
-7.800745386358928002e+00 -1.417180244376132414e+01 5.947785983840574886e+00
-9.181103359528702157e+00 -1.358470403887520739e+01 5.814884344482804224e+00
-9.283145562409371720e+00 -1.301623533991917370e+01 6.492269659965369755e+00
-9.947571826773531356e+00 -9.817626069146996315e+00 5.019938697480827550e+00
-8.317758248443823277e+00 -9.644302956690903983e+00 5.183257463933010456e+00
-1.140892037535423142e+01 -6.297674411726760901e+00 4.477310966653186064e+00
-6.499002026481820238e+00 -6.374722751314156000e+00 4.458118464834129213e+00
-9.050838656755836098e+00 -6.864612294829067984e+00 4.097257408486301600e+00
-8.870301589740734016e+00 -1.643505841102421883e+01 1.115563220017669543e+01
