-9.138320389985290504e+00 -2.422293433904853899e+01 9.041909870679608829e+00
-7.735768417269389907e+00 -2.250971272142461288e+01 9.284219521479387893e+00
-1.005233265439908941e+01 -2.203124642659129151e+01 9.825712446370696185e+00
-7.575773856255056948e+00 -1.892641866407369733e+01 1.127929064459236130e+01
-1.114708103908763981e+01 -1.879894090387072580e+01 1.107164771729237884e+01
-8.896321063732241186e+00 -1.797972944072455448e+01 1.165531347994502021e+01
-1.032183367779738425e+01 -1.783012718803031049e+01 1.160634963079183102e+01
-4.343656095201092526e+00 -1.619657793013607261e+01 7.934580584001338366e+00
-1.437302757089999261e+01 -1.606079813506066856e+01 7.860836185261102393e+00
-6.740341007057875089e+00 -1.382433329376726405e+01 1.114498990935829781e+01
-1.180529967029321092e+01 -1.392477750743931786e+01 1.121787122571095452e+01
-3.694988373665442083e+00 -1.289847979892813790e+01 6.598424558495404213e+00
-9.413015872930898809e+00 -9.868826665487292260e+00 1.150467087220552997e+01
-1.494577606555734661e+01 -1.261518910593888343e+01 6.629181102766907863e+00
-4.976581327215988892e+00 -6.521712810221372614e+00 8.503946082337520807e+00
-9.217228266190868879e+00 -6.889425366735936862e+00 1.059895702459644973e+01
-1.359784395638129162e+01 -6.915953498975957459e+00 8.977078431126294333e+00
-5.574184539806130267e+00 -4.919484834148445174e+00 7.827929922175686173e+00
-9.394317591377044252e+00 -4.031316861081385206e+00 9.639561952112341459e+00
-1.332221255454998676e+01 -5.840586672203784246e+00 7.975927843870939782e+00
-9.300346781836653420e+00 -2.958912111498465336e+00 6.933882330889947099e+00
-1.384680410978659637e+01 -7.088253991035740498e+00 5.843403762848931038e+00
-1.423526000063431418e+01 -9.992642475045126815e+00 8.042829810215931019e+00
-1.387939958522981243e+01 -9.394441603534311014e+00 7.079110371563518633e+00
-4.521108727597801469e+00 -7.596507218459935373e+00 5.680693038232389469e+00
-4.308149541640578839e+00 -1.047931169153333286e+01 8.274897955196820476e+00
-4.785907234794409604e+00 -1.015303017756587245e+01 6.786388812149914074e+00
-8.943915665341608090e+00 -2.365407468543922676e+01 7.240059298591342341e+00
-8.869859992088089840e+00 -2.148031188853397566e+01 7.204037177562759631e+00
-9.169963123182157005e+00 -2.090698345266681102e+01 7.078909307145987206e+00
-8.669402710953860947e+00 -2.099328757509185195e+01 7.072846972310125935e+00
-1.024339094086921875e+01 -1.969629986595787230e+01 6.848327474557528660e+00
-8.138906316081166992e+00 -1.983842848706814621e+01 6.862969510993301547e+00
-1.186004358983436724e+01 -1.856606603004109957e+01 7.108022387651490526e+00
-7.042859230583248475e+00 -1.907371638388414681e+01 7.054418082843008975e+00
-1.144153492825214791e+01 -1.741428707791367003e+01 6.687963376159382634e+00
-7.543311312067597640e+00 -1.773060493188427245e+01 6.731220552072509022e+00
-1.006498210172509822e+01 -1.685021576901199580e+01 6.853583937986026164e+00
-8.957125546951495210e+00 -1.689484819671520199e+01 6.964469321952963199e+00
-1.025403526435643542e+01 -1.539765820941646091e+01 6.822169962042918812e+00
-8.847984715641878495e+00 -1.546005010580257633e+01 6.761651576686469767e+00
-1.115909539655098115e+01 -1.418263768679742753e+01 6.286795966615271070e+00
-7.787991391149446052e+00 -1.443101572344641603e+01 6.104594900381353106e+00
-9.425252205633297464e+00 -1.323553009752602705e+01 5.742500832377709585e+00
-9.458684328411841591e+00 -1.231026264552545868e+01 6.069805473703301146e+00
-1.030499176636326375e+01 -9.129648242577786732e+00 5.067384708847096242e+00
-8.531166522506477889e+00 -9.015751244858428493e+00 4.888503290247163235e+00
-1.176030172177031474e+01 -5.684025345292014642e+00 4.513039852903270699e+00
-7.116070538991928984e+00 -5.681272664826321872e+00 4.050664173352711117e+00
-9.454777971173975004e+00 -6.157022282236007449e+00 3.684877941285801928e+00
-9.600680534493323037e+00 -1.687651347588152717e+01 1.116713966466162589e+01
